epoch;concept_hits@1@1;concept_hits@3@3;concept_loss;concept_mrr;loss;task_hits@1@1;task_hits@3@3;task_loss;task_mrr;val_concept_hits@1@1;val_concept_hits@3@3;val_concept_loss;val_concept_mrr;val_loss;val_task_hits@1@1;val_task_hits@3@3;val_task_loss;val_task_mrr
0;0.31378600001335144;1.0;0.7374193668365479;0.6004800796508789;2.9395346641540527;0.3261317014694214;1.0;5.141650199890137;0.605109691619873;NA;NA;NA;NA;NA;NA;NA;NA;NA
1;0.33539095520973206;1.0;0.7402254343032837;0.6093964576721191;2.9409377574920654;0.3364197611808777;1.0;5.141650199890137;0.6006515026092529;NA;NA;NA;NA;NA;NA;NA;NA;NA
2;0.32818931341171265;1.0;0.7378103137016296;0.6076816916465759;2.939730167388916;0.33847737312316895;1.0;5.141650199890137;0.6138545274734497;NA;NA;NA;NA;NA;NA;NA;NA;NA
3;0.34876543283462524;1.0;0.7314189672470093;0.6195129752159119;2.9365346431732178;0.3395061790943146;1.0;5.141650199890137;0.6155692934989929;NA;NA;NA;NA;NA;NA;NA;NA;NA
4;0.3333333432674408;1.0;0.7335622906684875;0.6093964576721191;2.9376063346862793;0.3405349850654602;1.0;5.141650199890137;0.6073388457298279;NA;NA;NA;NA;NA;NA;NA;NA;NA
5;0.3600822985172272;1.0;0.7273382544517517;0.6255143880844116;2.9344942569732666;0.3117283880710602;1.0;5.141650199890137;0.6102537512779236;NA;NA;NA;NA;NA;NA;NA;NA;NA
6;0.33539095520973206;1.0;0.7413904070854187;0.6116254925727844;2.9415202140808105;0.3364197611808777;1.0;5.141650199890137;0.6188271641731262;NA;NA;NA;NA;NA;NA;NA;NA;NA
7;0.33230453729629517;1.0;0.7441486120223999;0.6066529154777527;2.942899465560913;0.32818931341171265;1.0;5.141650199890137;0.616769552230835;NA;NA;NA;NA;NA;NA;NA;NA;NA
8;0.31069958209991455;1.0;0.7413485646247864;0.5996227264404297;2.9414994716644287;0.346707820892334;1.0;5.141650199890137;0.6198559403419495;NA;NA;NA;NA;NA;NA;NA;NA;NA
9;0.3683127462863922;1.0;0.7244640588760376;0.6294581294059753;2.9330570697784424;0.33127573132514954;1.0;5.141650199890137;0.6126543283462524;NA;NA;NA;NA;NA;NA;NA;NA;NA
10;0.34876543283462524;1.0;0.7283307909965515;0.6219135522842407;2.934990644454956;0.33539095520973206;1.0;5.141650199890137;0.6212276816368103;NA;NA;NA;NA;NA;NA;NA;NA;NA
11;0.33539095520973206;1.0;0.7319537997245789;0.6145404577255249;2.9368019104003906;0.30761316418647766;1.0;5.141650199890137;0.6174553632736206;NA;NA;NA;NA;NA;NA;NA;NA;NA
12;0.327160507440567;1.0;0.734565258026123;0.6063100695610046;2.93810772895813;0.37654322385787964;1.0;5.141650199890137;0.5955075621604919;NA;NA;NA;NA;NA;NA;NA;NA;NA
13;0.34259259700775146;1.0;0.7355212569236755;0.6176269054412842;2.9385857582092285;0.29732510447502136;1.0;5.141650199890137;0.5941358208656311;NA;NA;NA;NA;NA;NA;NA;NA;NA
14;0.3189300298690796;1.0;0.7392175197601318;0.6035665273666382;2.940433979034424;0.32407405972480774;1.0;5.141650199890137;0.6123114228248596;NA;NA;NA;NA;NA;NA;NA;NA;NA
15;0.36213991045951843;1.0;0.718084990978241;0.6315157413482666;2.9298675060272217;0.3199588358402252;1.0;5.141650199890137;0.6188271641731262;NA;NA;NA;NA;NA;NA;NA;NA;NA
16;0.3786008358001709;1.0;0.7256552577018738;0.6394032835960388;2.933652639389038;0.3220164477825165;1.0;5.141650199890137;0.6136831045150757;NA;NA;NA;NA;NA;NA;NA;NA;NA
17;0.3641975224018097;1.0;0.7156343460083008;0.6310014128684998;2.9286422729492188;0.34259259700775146;1.0;5.141650199890137;0.6195130348205566;NA;NA;NA;NA;NA;NA;NA;NA;NA
18;0.37757202982902527;1.0;0.7137308120727539;0.6407750248908997;2.9276905059814453;0.33539095520973206;1.0;5.141650199890137;0.6092249155044556;NA;NA;NA;NA;NA;NA;NA;NA;NA
19;0.39814814925193787;1.0;0.7129878401756287;0.6519203782081604;2.927319049835205;0.3292181193828583;1.0;5.141650199890137;0.5895061492919922;NA;NA;NA;NA;NA;NA;NA;NA;NA
20;0.41872426867485046;1.0;0.7089347243309021;0.664266049861908;2.925292491912842;0.34567901492118835;1.0;5.141650199890137;0.6112825274467468;NA;NA;NA;NA;NA;NA;NA;NA;NA
21;0.40123456716537476;1.0;0.703639030456543;0.6584362387657166;2.92264461517334;0.33127573132514954;1.0;5.141650199890137;0.6181413531303406;NA;NA;NA;NA;NA;NA;NA;NA;NA
22;0.4135802388191223;1.0;0.7035772204399109;0.6640946269035339;2.9226136207580566;0.3580246865749359;1.0;5.141650199890137;0.6243141889572144;NA;NA;NA;NA;NA;NA;NA;NA;NA
23;0.4310699701309204;1.0;0.6934487819671631;0.6730109453201294;2.9175496101379395;0.3436214029788971;1.0;5.141650199890137;0.6138545870780945;NA;NA;NA;NA;NA;NA;NA;NA;NA
24;0.4722222089767456;1.0;0.6778944730758667;0.7004457116127014;2.9097723960876465;0.34567901492118835;1.0;5.141650199890137;0.6160837411880493;NA;NA;NA;NA;NA;NA;NA;NA;NA
25;0.48045268654823303;1.0;0.6621777415275574;0.7069616317749023;2.90191388130188;0.3261317014694214;1.0;5.141650199890137;0.6155692338943481;NA;NA;NA;NA;NA;NA;NA;NA;NA
26;0.5205761194229126;1.0;0.6599279046058655;0.7313100099563599;2.9007890224456787;0.33127573132514954;1.0;5.141650199890137;0.6138545870780945;NA;NA;NA;NA;NA;NA;NA;NA;NA
27;0.5298354029655457;1.0;0.649730920791626;0.7330247163772583;2.895690441131592;0.29732510447502136;1.0;5.141650199890137;0.6117969155311584;NA;NA;NA;NA;NA;NA;NA;NA;NA
28;0.5545267462730408;1.0;0.644960880279541;0.7463991641998291;2.893305540084839;0.3508230447769165;1.0;5.141650199890137;0.6136831045150757;NA;NA;NA;NA;NA;NA;NA;NA;NA
29;0.6111111044883728;1.0;0.6111288070678711;0.7860082387924194;2.876389503479004;0.327160507440567;1.0;5.141650199890137;0.6208847761154175;NA;NA;NA;NA;NA;NA;NA;NA;NA
30;0.6574074029922485;1.0;0.599712610244751;0.809499204158783;2.8706812858581543;0.35288065671920776;1.0;5.141650199890137;0.6025376915931702;NA;NA;NA;NA;NA;NA;NA;NA;NA
31;0.6594650149345398;1.0;0.5830747485160828;0.8137860298156738;2.8623623847961426;0.32098764181137085;1.0;5.141650199890137;0.6105967164039612;NA;NA;NA;NA;NA;NA;NA;NA;NA
32;0.6985596418380737;1.0;0.5692130923271179;0.8360767960548401;2.85543155670166;0.3364197611808777;1.0;5.141650199890137;0.6169410347938538;NA;NA;NA;NA;NA;NA;NA;NA;NA
33;0.7047325372695923;1.0;0.564524233341217;0.8408778309822083;2.8530871868133545;0.35288065671920776;1.0;5.141650199890137;0.609739363193512;NA;NA;NA;NA;NA;NA;NA;NA;NA
34;0.7705761194229126;1.0;0.5261563062667847;0.8755143880844116;2.8339033126831055;0.32407405972480774;1.0;5.141650199890137;0.6078531742095947;NA;NA;NA;NA;NA;NA;NA;NA;NA
35;0.7932098507881165;1.0;0.5082814693450928;0.8904321193695068;2.8249659538269043;0.3395061790943146;1.0;5.141650199890137;0.6123113632202148;NA;NA;NA;NA;NA;NA;NA;NA;NA
36;0.8179012537002563;1.0;0.490106999874115;0.904321014881134;2.8158786296844482;0.3199588358402252;1.0;5.141650199890137;0.6210562586784363;NA;NA;NA;NA;NA;NA;NA;NA;NA
37;0.8508230447769165;1.0;0.46195822954177856;0.9216392636299133;2.801804304122925;0.3292181193828583;1.0;5.141650199890137;0.6083676815032959;NA;NA;NA;NA;NA;NA;NA;NA;NA
38;0.8693415522575378;1.0;0.44395190477371216;0.9310699701309204;2.7928011417388916;0.3343621492385864;1.0;5.141650199890137;0.5999656915664673;NA;NA;NA;NA;NA;NA;NA;NA;NA
39;0.9022634029388428;1.0;0.41481921076774597;0.9490740299224854;2.7782347202301025;0.3230452537536621;1.0;5.141650199890137;0.6160837411880493;NA;NA;NA;NA;NA;NA;NA;NA;NA
40;0.9063786268234253;1.0;0.3891281187534332;0.9513031244277954;2.7653892040252686;0.3333333432674408;1.0;5.141650199890137;0.6030520796775818;NA;NA;NA;NA;NA;NA;NA;NA;NA
41;0.9351851940155029;1.0;0.3701724410057068;0.9663922786712646;2.755911350250244;0.3261317014694214;1.0;5.141650199890137;0.6083676815032959;NA;NA;NA;NA;NA;NA;NA;NA;NA
42;0.9218106865882874;1.0;0.36199259757995605;0.9595335721969604;2.751821517944336;0.34156379103660583;1.0;5.141650199890137;0.6183127760887146;NA;NA;NA;NA;NA;NA;NA;NA;NA
43;0.9259259104728699;1.0;0.33825215697288513;0.962619960308075;2.7399511337280273;0.34259259700775146;1.0;5.141650199890137;0.6153978109359741;NA;NA;NA;NA;NA;NA;NA;NA;NA
44;0.9362139701843262;1.0;0.3237789571285248;0.9672496318817139;2.7327146530151367;0.34567901492118835;1.0;5.141650199890137;0.6039094924926758;NA;NA;NA;NA;NA;NA;NA;NA;NA
45;0.951646089553833;1.0;0.30205363035202026;0.9758230447769165;2.7218518257141113;0.31790122389793396;1.0;5.141650199890137;0.6141975522041321;NA;NA;NA;NA;NA;NA;NA;NA;NA
46;0.9619341492652893;1.0;0.2830319404602051;0.9807955622673035;2.712341070175171;0.3374485671520233;1.0;5.141650199890137;0.6068244576454163;NA;NA;NA;NA;NA;NA;NA;NA;NA
47;0.9578189253807068;1.0;0.27065178751945496;0.9785664677619934;2.706150770187378;0.34156379103660583;1.0;5.141650199890137;0.6117969751358032;NA;NA;NA;NA;NA;NA;NA;NA;NA
48;0.9588477611541748;1.0;0.2566206753253937;0.9790809154510498;2.6991355419158936;0.33230453729629517;1.0;5.141650199890137;0.6141975522041321;NA;NA;NA;NA;NA;NA;NA;NA;NA
49;0.9619341492652893;1.0;0.24039801955223083;0.9806240797042847;2.6910240650177;0.33127573132514954;1.0;5.141650199890137;0.6157407164573669;NA;NA;NA;NA;NA;NA;NA;NA;NA
50;0.9681069850921631;1.0;0.22443725168704987;0.9838820695877075;2.6830437183380127;0.3220164477825165;1.0;5.141650199890137;0.6109396815299988;NA;NA;NA;NA;NA;NA;NA;NA;NA
51;0.9825102686882019;1.0;0.20270776748657227;0.9912551641464233;2.6721789836883545;0.3446502089500427;1.0;5.141650199890137;0.6081961989402771;NA;NA;NA;NA;NA;NA;NA;NA;NA
52;0.9845678806304932;1.0;0.19351842999458313;0.9921124577522278;2.6675844192504883;0.3302469253540039;1.0;5.141650199890137;0.6153978109359741;NA;NA;NA;NA;NA;NA;NA;NA;NA
53;0.9876543283462524;1.0;0.18030931055545807;0.9936557412147522;2.660979747772217;0.3508230447769165;1.0;5.141650199890137;0.6201989650726318;NA;NA;NA;NA;NA;NA;NA;NA;NA
54;0.9907407164573669;1.0;0.1680164486169815;0.9953703880310059;2.6548333168029785;0.327160507440567;1.0;5.141650199890137;0.6039094924926758;NA;NA;NA;NA;NA;NA;NA;NA;NA
55;0.9845678806304932;1.0;0.15501466393470764;0.9922839403152466;2.648332357406616;0.3292181193828583;1.0;5.141650199890137;0.597908079624176;NA;NA;NA;NA;NA;NA;NA;NA;NA
56;0.9927983283996582;1.0;0.14202046394348145;0.9963991641998291;2.6418352127075195;0.35596707463264465;1.0;5.141650199890137;0.631001353263855;NA;NA;NA;NA;NA;NA;NA;NA;NA
57;0.9958847761154175;1.0;0.134217768907547;0.9979423880577087;2.6379339694976807;0.3199588358402252;1.0;5.141650199890137;0.6066529154777527;NA;NA;NA;NA;NA;NA;NA;NA;NA
58;0.9969135522842407;1.0;0.12623807787895203;0.9984567761421204;2.633944034576416;0.3343621492385864;1.0;5.141650199890137;0.6105967164039612;NA;NA;NA;NA;NA;NA;NA;NA;NA
59;0.991769552230835;1.0;0.11656080931425095;0.9958847761154175;2.629105567932129;0.3230452537536621;1.0;5.141650199890137;0.6114540696144104;NA;NA;NA;NA;NA;NA;NA;NA;NA
60;0.9938271641731262;1.0;0.10875921696424484;0.9969135522842407;2.6252048015594482;0.35288065671920776;1.0;5.141650199890137;0.6147119402885437;NA;NA;NA;NA;NA;NA;NA;NA;NA
61;0.9969135522842407;1.0;0.10095003247261047;0.9984567761421204;2.621300220489502;0.3158436119556427;1.0;5.141650199890137;0.6243141889572144;NA;NA;NA;NA;NA;NA;NA;NA;NA
62;0.998971164226532;1.0;0.09278061240911484;0.9994856119155884;2.617215394973755;0.3199588358402252;1.0;5.141650199890137;0.6255143880844116;NA;NA;NA;NA;NA;NA;NA;NA;NA
63;0.998971164226532;1.0;0.0863628014922142;0.9994856119155884;2.614006757736206;0.3446502089500427;1.0;5.141650199890137;0.6143689751625061;NA;NA;NA;NA;NA;NA;NA;NA;NA
64;0.998971164226532;1.0;0.08168540894985199;0.9994856119155884;2.6116678714752197;0.3539094626903534;1.0;5.141650199890137;0.6157407164573669;NA;NA;NA;NA;NA;NA;NA;NA;NA
65;0.998971164226532;1.0;0.07314303517341614;0.9994856119155884;2.6073966026306152;0.327160507440567;1.0;5.141650199890137;0.6354596018791199;NA;NA;NA;NA;NA;NA;NA;NA;NA
66;1.0;1.0;0.06732644140720367;1.0;2.6044883728027344;0.3405349850654602;1.0;5.141650199890137;0.6104252934455872;NA;NA;NA;NA;NA;NA;NA;NA;NA
67;0.9979423880577087;1.0;0.06370321661233902;0.998971164226532;2.6026766300201416;0.31790122389793396;1.0;5.141650199890137;0.6126543283462524;NA;NA;NA;NA;NA;NA;NA;NA;NA
68;1.0;1.0;0.05972672998905182;1.0;2.6006884574890137;0.3127571940422058;1.0;5.141650199890137;0.6097393035888672;NA;NA;NA;NA;NA;NA;NA;NA;NA
69;1.0;1.0;0.05304652452468872;1.0;2.59734845161438;0.36934155225753784;1.0;5.141650199890137;0.6047667860984802;NA;NA;NA;NA;NA;NA;NA;NA;NA
70;1.0;1.0;0.0493226982653141;1.0;2.5954864025115967;0.33539095520973206;1.0;5.141650199890137;0.6287722587585449;NA;NA;NA;NA;NA;NA;NA;NA;NA
71;1.0;1.0;0.04468245059251785;1.0;2.5931663513183594;0.3220164477825165;1.0;5.141650199890137;0.6165980696678162;NA;NA;NA;NA;NA;NA;NA;NA;NA
72;1.0;1.0;0.042196352034807205;1.0;2.591923236846924;0.32510289549827576;1.0;5.141650199890137;0.6128257513046265;NA;NA;NA;NA;NA;NA;NA;NA;NA
73;1.0;1.0;0.040391646325588226;1.0;2.5910208225250244;0.36213991045951843;1.0;5.141650199890137;0.6001372337341309;NA;NA;NA;NA;NA;NA;NA;NA;NA
74;1.0;1.0;0.036283060908317566;1.0;2.5889666080474854;0.3261317014694214;1.0;5.141650199890137;0.6246570348739624;NA;NA;NA;NA;NA;NA;NA;NA;NA
75;1.0;1.0;0.03527204319834709;1.0;2.588460922241211;0.3292181193828583;1.0;5.141650199890137;0.6042524576187134;NA;NA;NA;NA;NA;NA;NA;NA;NA
76;1.0;1.0;0.03153809532523155;1.0;2.5865941047668457;0.31481480598449707;1.0;5.141650199890137;0.5953361392021179;NA;NA;NA;NA;NA;NA;NA;NA;NA
77;1.0;1.0;0.030013663694262505;1.0;2.585831642150879;0.33127573132514954;1.0;5.141650199890137;0.6179698705673218;NA;NA;NA;NA;NA;NA;NA;NA;NA
78;1.0;1.0;0.02953847497701645;1.0;2.585594415664673;0.36213991045951843;1.0;5.141650199890137;0.6229423880577087;NA;NA;NA;NA;NA;NA;NA;NA;NA
79;1.0;1.0;0.027365170419216156;1.0;2.584507703781128;0.3497942388057709;1.0;5.141650199890137;0.61299729347229;NA;NA;NA;NA;NA;NA;NA;NA;NA
80;1.0;1.0;0.025800218805670738;1.0;2.5837252140045166;0.3508230447769165;1.0;5.141650199890137;0.6023662686347961;NA;NA;NA;NA;NA;NA;NA;NA;NA
81;1.0;1.0;0.024158580228686333;1.0;2.58290433883667;0.346707820892334;1.0;5.141650199890137;0.6195130348205566;NA;NA;NA;NA;NA;NA;NA;NA;NA
82;1.0;1.0;0.02285453863441944;1.0;2.582252264022827;0.31378600001335144;1.0;5.141650199890137;0.6124829053878784;NA;NA;NA;NA;NA;NA;NA;NA;NA
83;1.0;1.0;0.022057093679904938;1.0;2.5818536281585693;0.346707820892334;1.0;5.141650199890137;0.5941358208656311;NA;NA;NA;NA;NA;NA;NA;NA;NA
84;1.0;1.0;0.020987993106245995;1.0;2.5813190937042236;0.3199588358402252;1.0;5.141650199890137;0.6039094924926758;NA;NA;NA;NA;NA;NA;NA;NA;NA
85;1.0;1.0;0.02010408043861389;1.0;2.5808770656585693;0.3395061790943146;1.0;5.141650199890137;0.616769552230835;NA;NA;NA;NA;NA;NA;NA;NA;NA
86;1.0;1.0;0.020034320652484894;1.0;2.5808422565460205;0.34567901492118835;1.0;5.141650199890137;0.6244856119155884;NA;NA;NA;NA;NA;NA;NA;NA;NA
87;1.0;1.0;0.018603742122650146;1.0;2.580127000808716;0.2942386865615845;1.0;5.141650199890137;0.6011660099029541;NA;NA;NA;NA;NA;NA;NA;NA;NA
88;1.0;1.0;0.017821699380874634;1.0;2.5797359943389893;0.3014403283596039;1.0;5.141650199890137;0.594650149345398;NA;NA;NA;NA;NA;NA;NA;NA;NA
89;1.0;1.0;0.017603987827897072;1.0;2.57962703704834;0.3395061790943146;1.0;5.141650199890137;0.6253429055213928;NA;NA;NA;NA;NA;NA;NA;NA;NA
90;1.0;1.0;0.017260612919926643;1.0;2.5794553756713867;0.37654322385787964;1.0;5.141650199890137;0.6028806567192078;NA;NA;NA;NA;NA;NA;NA;NA;NA
91;1.0;1.0;0.01663168892264366;1.0;2.5791409015655518;0.34156379103660583;1.0;5.141650199890137;0.6087105870246887;NA;NA;NA;NA;NA;NA;NA;NA;NA
92;1.0;1.0;0.016600964590907097;1.0;2.5791256427764893;0.32407405972480774;1.0;5.141650199890137;0.603738009929657;NA;NA;NA;NA;NA;NA;NA;NA;NA
93;1.0;1.0;0.015509570017457008;1.0;2.578579902648926;0.3086419701576233;1.0;5.141650199890137;0.605967104434967;NA;NA;NA;NA;NA;NA;NA;NA;NA
94;1.0;1.0;0.015174121595919132;1.0;2.5784120559692383;0.34156379103660583;1.0;5.141650199890137;0.6189985871315002;NA;NA;NA;NA;NA;NA;NA;NA;NA
95;1.0;1.0;0.014883865602314472;1.0;2.5782670974731445;0.327160507440567;1.0;5.141650199890137;0.6126543283462524;NA;NA;NA;NA;NA;NA;NA;NA;NA
96;1.0;1.0;0.014554868452250957;1.0;2.5781025886535645;0.3395061790943146;1.0;5.141650199890137;0.625171422958374;NA;NA;NA;NA;NA;NA;NA;NA;NA
97;1.0;1.0;0.014552336186170578;1.0;2.57810115814209;0.327160507440567;1.0;5.141650199890137;0.6100823283195496;NA;NA;NA;NA;NA;NA;NA;NA;NA
98;1.0;1.0;0.01397915929555893;1.0;2.5778145790100098;0.32407405972480774;1.0;5.141650199890137;0.609739363193512;NA;NA;NA;NA;NA;NA;NA;NA;NA
99;1.0;1.0;0.014006857760250568;1.0;2.5778286457061768;0.3261317014694214;1.0;5.141650199890137;0.6244856119155884;NA;NA;NA;NA;NA;NA;NA;NA;NA
0;0.31687241792678833;1.0;0.7424458265304565;0.6027092337608337;2.9420480728149414;0.3611111044883728;1.0;5.141650199890137;0.6138545274734497;NA;NA;NA;NA;NA;NA;NA;NA;NA
1;0.3220164477825165;1.0;0.7405251264572144;0.6056241393089294;2.9410877227783203;0.33539095520973206;1.0;5.141650199890137;0.5963649749755859;NA;NA;NA;NA;NA;NA;NA;NA;NA
2;0.35288065671920776;1.0;0.7377384901046753;0.6200273633003235;2.939694404602051;0.34156379103660583;1.0;5.141650199890137;0.5929355621337891;NA;NA;NA;NA;NA;NA;NA;NA;NA
3;0.31481480598449707;1.0;0.7329979538917542;0.6023662686347961;2.937323808670044;0.33230453729629517;1.0;5.141650199890137;0.6087105870246887;NA;NA;NA;NA;NA;NA;NA;NA;NA
4;0.32818931341171265;1.0;0.740505576133728;0.6087105870246887;2.941077947616577;0.3096707761287689;1.0;5.141650199890137;0.616769552230835;NA;NA;NA;NA;NA;NA;NA;NA;NA
5;0.3220164477825165;1.0;0.7300994992256165;0.605795681476593;2.9358749389648438;0.33127573132514954;1.0;5.141650199890137;0.6172839403152466;NA;NA;NA;NA;NA;NA;NA;NA;NA
6;0.3672839403152466;1.0;0.7254924774169922;0.631001353263855;2.9335713386535645;0.3364197611808777;1.0;5.141650199890137;0.6069958806037903;NA;NA;NA;NA;NA;NA;NA;NA;NA
7;0.33847737312316895;1.0;0.7315433621406555;0.6140261292457581;2.9365968704223633;0.34567901492118835;1.0;5.141650199890137;0.6092249155044556;NA;NA;NA;NA;NA;NA;NA;NA;NA
8;0.32098764181137085;1.0;0.7403188943862915;0.6032236218452454;2.9409844875335693;0.35596707463264465;1.0;5.141650199890137;0.6107681393623352;NA;NA;NA;NA;NA;NA;NA;NA;NA
9;0.35185185074806213;1.0;0.7271645069122314;0.6255143880844116;2.9344072341918945;0.34876543283462524;1.0;5.141650199890137;0.6133402585983276;NA;NA;NA;NA;NA;NA;NA;NA;NA
10;0.3405349850654602;1.0;0.7383630275726318;0.6116254925727844;2.940006732940674;0.3611111044883728;1.0;5.141650199890137;0.6183127760887146;NA;NA;NA;NA;NA;NA;NA;NA;NA
11;0.3292181193828583;1.0;0.7321822047233582;0.6104252934455872;2.9369161128997803;0.34567901492118835;1.0;5.141650199890137;0.6056240797042847;NA;NA;NA;NA;NA;NA;NA;NA;NA
12;0.3600822985172272;1.0;0.7271360754966736;0.6301440596580505;2.9343931674957275;0.3199588358402252;1.0;5.141650199890137;0.6207133531570435;NA;NA;NA;NA;NA;NA;NA;NA;NA
13;0.3405349850654602;1.0;0.7445806860923767;0.6119685173034668;2.943115472793579;0.32510289549827576;1.0;5.141650199890137;0.6157407164573669;NA;NA;NA;NA;NA;NA;NA;NA;NA
14;0.3569958806037903;1.0;0.7285006642341614;0.6274005174636841;2.935075521469116;0.3405349850654602;1.0;5.141650199890137;0.605967104434967;NA;NA;NA;NA;NA;NA;NA;NA;NA
15;0.34567901492118835;1.0;0.7241061329841614;0.6215705871582031;2.932878255844116;0.327160507440567;1.0;5.141650199890137;0.6102537512779236;NA;NA;NA;NA;NA;NA;NA;NA;NA
16;0.37962964177131653;1.0;0.7198160886764526;0.63700270652771;2.9307332038879395;0.31069958209991455;1.0;5.141650199890137;0.6157407164573669;NA;NA;NA;NA;NA;NA;NA;NA;NA
17;0.34876543283462524;1.0;0.7254752516746521;0.6207133531570435;2.933562755584717;0.34259259700775146;1.0;5.141650199890137;0.602880597114563;NA;NA;NA;NA;NA;NA;NA;NA;NA
18;0.3641975224018097;1.0;0.7211747169494629;0.6308298707008362;2.9314124584198;0.3405349850654602;1.0;5.141650199890137;0.6042524576187134;NA;NA;NA;NA;NA;NA;NA;NA;NA
19;0.38374486565589905;1.0;0.7161527872085571;0.6454046368598938;2.928901433944702;0.3683127462863922;1.0;5.141650199890137;0.6219135522842407;NA;NA;NA;NA;NA;NA;NA;NA;NA
20;0.3827160596847534;1.0;0.7092050313949585;0.6454046368598938;2.9254276752471924;0.3477366268634796;1.0;5.141650199890137;0.6141975522041321;NA;NA;NA;NA;NA;NA;NA;NA;NA
21;0.41152262687683105;1.0;0.6992887258529663;0.6596364974975586;2.9204695224761963;0.32510289549827576;1.0;5.141650199890137;0.5982510447502136;NA;NA;NA;NA;NA;NA;NA;NA;NA
22;0.44547325372695923;1.0;0.6910534501075745;0.6841563582420349;2.916351795196533;0.3405349850654602;1.0;5.141650199890137;0.6140259504318237;NA;NA;NA;NA;NA;NA;NA;NA;NA
23;0.4403292238712311;1.0;0.6919271945953369;0.679526686668396;2.9167885780334473;0.3405349850654602;1.0;5.141650199890137;0.6001372337341309;NA;NA;NA;NA;NA;NA;NA;NA;NA
24;0.45679011940956116;1.0;0.684333086013794;0.6884430050849915;2.912991523742676;0.3508230447769165;1.0;5.141650199890137;0.6052811145782471;NA;NA;NA;NA;NA;NA;NA;NA;NA
25;0.5072016716003418;1.0;0.6674523949623108;0.7182783484458923;2.9045512676239014;0.34876543283462524;1.0;5.141650199890137;0.6143689751625061;NA;NA;NA;NA;NA;NA;NA;NA;NA
26;0.5226337313652039;1.0;0.654334306716919;0.7294238805770874;2.8979921340942383;0.34876543283462524;1.0;5.141650199890137;0.6104252338409424;NA;NA;NA;NA;NA;NA;NA;NA;NA
27;0.5534979701042175;1.0;0.6499301195144653;0.7475994229316711;2.8957901000976562;0.34567901492118835;1.0;5.141650199890137;0.5877915024757385;NA;NA;NA;NA;NA;NA;NA;NA;NA
28;0.605967104434967;1.0;0.6253896355628967;0.7796638607978821;2.8835198879241943;0.33847737312316895;1.0;5.141650199890137;0.6241426467895508;NA;NA;NA;NA;NA;NA;NA;NA;NA
29;0.6080247163772583;1.0;0.6251620054244995;0.7825788259506226;2.883406162261963;0.33847737312316895;1.0;5.141650199890137;0.6176268458366394;NA;NA;NA;NA;NA;NA;NA;NA;NA
30;0.6553497910499573;1.0;0.5948455929756165;0.8115569353103638;2.8682479858398438;0.33127573132514954;1.0;5.141650199890137;0.6032236218452454;NA;NA;NA;NA;NA;NA;NA;NA;NA
31;0.6862139701843262;1.0;0.5758775472640991;0.8290466070175171;2.8587639331817627;0.3405349850654602;1.0;5.141650199890137;0.6076816916465759;NA;NA;NA;NA;NA;NA;NA;NA;NA
32;0.7304526567459106;1.0;0.5645292401313782;0.8530521392822266;2.8530898094177246;0.35185185074806213;1.0;5.141650199890137;0.6025377511978149;NA;NA;NA;NA;NA;NA;NA;NA;NA
33;0.7345678806304932;1.0;0.5439267158508301;0.858710527420044;2.8427884578704834;0.33847737312316895;1.0;5.141650199890137;0.619170069694519;NA;NA;NA;NA;NA;NA;NA;NA;NA
34;0.797325074672699;1.0;0.518856942653656;0.8933470845222473;2.8302536010742188;0.3508230447769165;1.0;5.141650199890137;0.6104252934455872;NA;NA;NA;NA;NA;NA;NA;NA;NA
35;0.7860082387924194;1.0;0.5084201097488403;0.8866598010063171;2.8250350952148438;0.3477366268634796;1.0;5.141650199890137;0.6227709054946899;NA;NA;NA;NA;NA;NA;NA;NA;NA
36;0.8312757015228271;1.0;0.4789227545261383;0.9108367562294006;2.810286521911621;0.33539095520973206;1.0;5.141650199890137;0.611968457698822;NA;NA;NA;NA;NA;NA;NA;NA;NA
37;0.8569958806037903;1.0;0.4593264162540436;0.9259259104728699;2.800488233566284;0.34156379103660583;1.0;5.141650199890137;0.6033950448036194;NA;NA;NA;NA;NA;NA;NA;NA;NA
38;0.8837448358535767;1.0;0.44201216101646423;0.9389574527740479;2.7918312549591064;0.3199588358402252;1.0;5.141650199890137;0.5953360199928284;NA;NA;NA;NA;NA;NA;NA;NA;NA
39;0.8960905075073242;1.0;0.410039484500885;0.9466735124588013;2.7758448123931885;0.3477366268634796;1.0;5.141650199890137;0.6136831045150757;NA;NA;NA;NA;NA;NA;NA;NA;NA
40;0.9094650149345398;1.0;0.39313849806785583;0.9530178904533386;2.7673943042755127;0.3292181193828583;1.0;5.141650199890137;0.598936915397644;NA;NA;NA;NA;NA;NA;NA;NA;NA
41;0.9135802388191223;1.0;0.38048794865608215;0.9554183483123779;2.7610690593719482;0.32407405972480774;1.0;5.141650199890137;0.6090534925460815;NA;NA;NA;NA;NA;NA;NA;NA;NA
42;0.9382715821266174;1.0;0.35480496287345886;0.9682784080505371;2.748227834701538;0.3292181193828583;1.0;5.141650199890137;0.6244856119155884;NA;NA;NA;NA;NA;NA;NA;NA;NA
43;0.9454732537269592;1.0;0.3347645699977875;0.9722222089767456;2.7382073402404785;0.31790122389793396;1.0;5.141650199890137;0.6150548458099365;NA;NA;NA;NA;NA;NA;NA;NA;NA
44;0.9393004179000854;1.0;0.32274937629699707;0.9689643383026123;2.7321996688842773;0.354938268661499;1.0;5.141650199890137;0.6064814925193787;NA;NA;NA;NA;NA;NA;NA;NA;NA
45;0.9537037014961243;1.0;0.3017998933792114;0.9761660099029541;2.7217249870300293;0.3117283880710602;1.0;5.141650199890137;0.6150548458099365;NA;NA;NA;NA;NA;NA;NA;NA;NA
46;0.959876537322998;1.0;0.283314973115921;0.9790809154510498;2.7124826908111572;0.3292181193828583;1.0;5.141650199890137;0.6207133531570435;NA;NA;NA;NA;NA;NA;NA;NA;NA
47;0.9650205969810486;1.0;0.266538143157959;0.9819958806037903;2.704094171524048;0.3446502089500427;1.0;5.141650199890137;0.615912139415741;NA;NA;NA;NA;NA;NA;NA;NA;NA
48;0.9732510447502136;1.0;0.25281259417533875;0.9862825870513916;2.6972312927246094;0.35185185074806213;1.0;5.141650199890137;0.6102537512779236;NA;NA;NA;NA;NA;NA;NA;NA;NA
49;0.9711934328079224;1.0;0.2317008227109909;0.9855967164039612;2.686675548553467;0.3497942388057709;1.0;5.141650199890137;0.6111111044883728;NA;NA;NA;NA;NA;NA;NA;NA;NA
50;0.9804526567459106;1.0;0.22277112305164337;0.9902263283729553;2.682210683822632;0.3333333432674408;1.0;5.141650199890137;0.6020233631134033;NA;NA;NA;NA;NA;NA;NA;NA;NA
51;0.9794238805770874;1.0;0.2048017680644989;0.9895405173301697;2.6732258796691895;0.33127573132514954;1.0;5.141650199890137;0.622942328453064;NA;NA;NA;NA;NA;NA;NA;NA;NA
52;0.9835391044616699;1.0;0.1922808736562729;0.9915980696678162;2.6669654846191406;0.3220164477825165;1.0;5.141650199890137;0.6004801392555237;NA;NA;NA;NA;NA;NA;NA;NA;NA
53;0.9804526567459106;1.0;0.17714284360408783;0.9898833632469177;2.6593964099884033;0.30761316418647766;1.0;5.141650199890137;0.6162551641464233;NA;NA;NA;NA;NA;NA;NA;NA;NA
54;0.9876543283462524;1.0;0.163516104221344;0.9938271641731262;2.652583122253418;0.3343621492385864;1.0;5.141650199890137;0.5960220098495483;NA;NA;NA;NA;NA;NA;NA;NA;NA
55;0.9927983283996582;1.0;0.1526724398136139;0.9963991641998291;2.6471612453460693;0.31378600001335144;1.0;5.141650199890137;0.608710527420044;NA;NA;NA;NA;NA;NA;NA;NA;NA
56;0.9958847761154175;1.0;0.1400209218263626;0.9979423880577087;2.6408355236053467;0.3672839403152466;1.0;5.141650199890137;0.6095678806304932;NA;NA;NA;NA;NA;NA;NA;NA;NA
57;0.9907407164573669;1.0;0.13177356123924255;0.9953703880310059;2.636711835861206;0.33230453729629517;1.0;5.141650199890137;0.6263718008995056;NA;NA;NA;NA;NA;NA;NA;NA;NA
58;0.9938271641731262;1.0;0.12263751029968262;0.9969135522842407;2.632143974304199;0.3292181193828583;1.0;5.141650199890137;0.620027482509613;NA;NA;NA;NA;NA;NA;NA;NA;NA
59;0.9886831045150757;1.0;0.11536615341901779;0.9943415522575378;2.6285080909729004;0.3055555522441864;1.0;5.141650199890137;0.6044238805770874;NA;NA;NA;NA;NA;NA;NA;NA;NA
60;0.9969135522842407;1.0;0.10270678251981735;0.9982853531837463;2.622178554534912;0.34567901492118835;1.0;5.141650199890137;0.6102538108825684;NA;NA;NA;NA;NA;NA;NA;NA;NA
61;0.9948559403419495;1.0;0.09640806168317795;0.9972565174102783;2.6190290451049805;0.32407405972480774;1.0;5.141650199890137;0.6128258109092712;NA;NA;NA;NA;NA;NA;NA;NA;NA
62;0.998971164226532;1.0;0.09075524657964706;0.9994856119155884;2.6162028312683105;0.33847737312316895;1.0;5.141650199890137;0.5949931740760803;NA;NA;NA;NA;NA;NA;NA;NA;NA
63;0.998971164226532;1.0;0.08102621138095856;0.9994856119155884;2.6113381385803223;0.32098764181137085;1.0;5.141650199890137;0.6052811741828918;NA;NA;NA;NA;NA;NA;NA;NA;NA
64;0.9969135522842407;1.0;0.0780242457985878;0.9984567761421204;2.609837293624878;0.3508230447769165;1.0;5.141650199890137;0.5922496914863586;NA;NA;NA;NA;NA;NA;NA;NA;NA
65;0.998971164226532;1.0;0.0703648179769516;0.9994856119155884;2.6060075759887695;0.32818931341171265;1.0;5.141650199890137;0.592764139175415;NA;NA;NA;NA;NA;NA;NA;NA;NA
66;1.0;1.0;0.06670688837766647;1.0;2.6041784286499023;0.327160507440567;1.0;5.141650199890137;0.5944787859916687;NA;NA;NA;NA;NA;NA;NA;NA;NA
67;0.998971164226532;1.0;0.060479938983917236;0.9994856119155884;2.601065158843994;0.33847737312316895;1.0;5.141650199890137;0.6135116219520569;NA;NA;NA;NA;NA;NA;NA;NA;NA
68;1.0;1.0;0.05659396946430206;1.0;2.5991220474243164;0.35185185074806213;1.0;5.141650199890137;0.6231138110160828;NA;NA;NA;NA;NA;NA;NA;NA;NA
69;1.0;1.0;0.051451195031404495;1.0;2.596550703048706;0.3374485671520233;1.0;5.141650199890137;0.6107681393623352;NA;NA;NA;NA;NA;NA;NA;NA;NA
70;1.0;1.0;0.049027714878320694;1.0;2.595339059829712;0.3014403283596039;1.0;5.141650199890137;0.6270576119422913;NA;NA;NA;NA;NA;NA;NA;NA;NA
71;1.0;1.0;0.044188156723976135;1.0;2.592919111251831;0.3189300298690796;1.0;5.141650199890137;0.6236281991004944;NA;NA;NA;NA;NA;NA;NA;NA;NA
72;1.0;1.0;0.041542939841747284;1.0;2.5915966033935547;0.33847737312316895;1.0;5.141650199890137;0.604766845703125;NA;NA;NA;NA;NA;NA;NA;NA;NA
73;1.0;1.0;0.0373636931180954;1.0;2.5895068645477295;0.327160507440567;1.0;5.141650199890137;0.6147119402885437;NA;NA;NA;NA;NA;NA;NA;NA;NA
74;1.0;1.0;0.03538298234343529;1.0;2.5885164737701416;0.3158436119556427;1.0;5.141650199890137;0.6076817512512207;NA;NA;NA;NA;NA;NA;NA;NA;NA
75;1.0;1.0;0.032270461320877075;1.0;2.5869603157043457;0.3302469253540039;1.0;5.141650199890137;0.6147119402885437;NA;NA;NA;NA;NA;NA;NA;NA;NA
76;1.0;1.0;0.0304744653403759;1.0;2.586062431335449;0.3446502089500427;1.0;5.141650199890137;0.5865912437438965;NA;NA;NA;NA;NA;NA;NA;NA;NA
77;1.0;1.0;0.028388887643814087;1.0;2.585019826889038;0.34259259700775146;1.0;5.141650199890137;0.6220850944519043;NA;NA;NA;NA;NA;NA;NA;NA;NA
78;1.0;1.0;0.027048802003264427;1.0;2.5843493938446045;0.32407405972480774;1.0;5.141650199890137;0.6145405173301697;NA;NA;NA;NA;NA;NA;NA;NA;NA
79;1.0;1.0;0.026473185047507286;1.0;2.584061622619629;0.35288065671920776;1.0;5.141650199890137;0.6078532934188843;NA;NA;NA;NA;NA;NA;NA;NA;NA
80;1.0;1.0;0.024520203471183777;1.0;2.583085060119629;0.3230452537536621;1.0;5.141650199890137;0.605795681476593;NA;NA;NA;NA;NA;NA;NA;NA;NA
81;1.0;1.0;0.022691942751407623;1.0;2.5821709632873535;0.3446502089500427;1.0;5.141650199890137;0.6068243980407715;NA;NA;NA;NA;NA;NA;NA;NA;NA
82;1.0;1.0;0.022300655022263527;1.0;2.5819754600524902;0.34567901492118835;1.0;5.141650199890137;0.5996227860450745;NA;NA;NA;NA;NA;NA;NA;NA;NA
83;1.0;1.0;0.020791174843907356;1.0;2.5812206268310547;0.3199588358402252;1.0;5.141650199890137;0.6030520796775818;NA;NA;NA;NA;NA;NA;NA;NA;NA
84;1.0;1.0;0.019784661009907722;1.0;2.5807173252105713;0.3158436119556427;1.0;5.141650199890137;0.5987654328346252;NA;NA;NA;NA;NA;NA;NA;NA;NA
85;1.0;1.0;0.018962452188134193;1.0;2.5803062915802;0.33847737312316895;1.0;5.141650199890137;0.5960220098495483;NA;NA;NA;NA;NA;NA;NA;NA;NA
86;1.0;1.0;0.019443683326244354;1.0;2.5805468559265137;0.31481480598449707;1.0;5.141650199890137;0.6124829053878784;NA;NA;NA;NA;NA;NA;NA;NA;NA
87;1.0;1.0;0.01786019466817379;1.0;2.5797553062438965;0.32098764181137085;1.0;5.141650199890137;0.6145405173301697;NA;NA;NA;NA;NA;NA;NA;NA;NA
88;1.0;1.0;0.0178535133600235;1.0;2.579751968383789;0.346707820892334;1.0;5.141650199890137;0.5973936915397644;NA;NA;NA;NA;NA;NA;NA;NA;NA
89;1.0;1.0;0.016708720475435257;1.0;2.579179525375366;0.34567901492118835;1.0;5.141650199890137;0.6092249155044556;NA;NA;NA;NA;NA;NA;NA;NA;NA
90;1.0;1.0;0.016490617766976357;1.0;2.5790703296661377;0.33539095520973206;1.0;5.141650199890137;0.6220850944519043;NA;NA;NA;NA;NA;NA;NA;NA;NA
91;1.0;1.0;0.015795178711414337;1.0;2.5787227153778076;0.3302469253540039;1.0;5.141650199890137;0.6085391044616699;NA;NA;NA;NA;NA;NA;NA;NA;NA
92;1.0;1.0;0.01583370752632618;1.0;2.578742027282715;0.3261317014694214;1.0;5.141650199890137;0.5975651741027832;NA;NA;NA;NA;NA;NA;NA;NA;NA
93;1.0;1.0;0.015385638922452927;1.0;2.5785179138183594;0.36625513434410095;1.0;5.141650199890137;0.61299729347229;NA;NA;NA;NA;NA;NA;NA;NA;NA
94;1.0;1.0;0.014986761845648289;1.0;2.5783185958862305;0.33127573132514954;1.0;5.141650199890137;0.6061385869979858;NA;NA;NA;NA;NA;NA;NA;NA;NA
95;1.0;1.0;0.014749846421182156;1.0;2.578200101852417;0.327160507440567;1.0;5.141650199890137;0.6236281991004944;NA;NA;NA;NA;NA;NA;NA;NA;NA
96;1.0;1.0;0.014643896371126175;1.0;2.5781469345092773;0.3158436119556427;1.0;5.141650199890137;0.6078532934188843;NA;NA;NA;NA;NA;NA;NA;NA;NA
97;1.0;1.0;0.01434357836842537;1.0;2.5779969692230225;0.33539095520973206;1.0;5.141650199890137;0.6232853531837463;NA;NA;NA;NA;NA;NA;NA;NA;NA
98;1.0;1.0;0.013961220160126686;1.0;2.577805757522583;0.30658435821533203;1.0;5.141650199890137;0.6035664677619934;NA;NA;NA;NA;NA;NA;NA;NA;NA
99;1.0;1.0;0.01397254504263401;1.0;2.5778114795684814;0.3292181193828583;1.0;5.141650199890137;0.6208847761154175;NA;NA;NA;NA;NA;NA;NA;NA;NA
0;0.32818931341171265;1.0;0.7379640340805054;0.6123114824295044;2.939807176589966;0.3364197611808777;1.0;5.141650199890137;0.5895061492919922;NA;NA;NA;NA;NA;NA;NA;NA;NA
1;0.35288065671920776;1.0;0.7305269241333008;0.6253429055213928;2.9360885620117188;0.3333333432674408;1.0;5.141650199890137;0.6251714825630188;NA;NA;NA;NA;NA;NA;NA;NA;NA
2;0.33127573132514954;1.0;0.7337411046028137;0.611968457698822;2.9376957416534424;0.3117283880710602;1.0;5.141650199890137;0.6088820695877075;NA;NA;NA;NA;NA;NA;NA;NA;NA
3;0.327160507440567;1.0;0.7351391911506653;0.6075102686882019;2.938394784927368;0.31790122389793396;1.0;5.141650199890137;0.5944787859916687;NA;NA;NA;NA;NA;NA;NA;NA;NA
4;0.33539095520973206;1.0;0.7310227751731873;0.6148834228515625;2.9363365173339844;0.3395061790943146;1.0;5.141650199890137;0.6227709650993347;NA;NA;NA;NA;NA;NA;NA;NA;NA
5;0.34156379103660583;1.0;0.7333694100379944;0.6164265871047974;2.937509775161743;0.3055555522441864;1.0;5.141650199890137;0.6092249155044556;NA;NA;NA;NA;NA;NA;NA;NA;NA
6;0.3261317014694214;1.0;0.7420967221260071;0.6066529154777527;2.941873550415039;0.32510289549827576;1.0;5.141650199890137;0.6165981292724609;NA;NA;NA;NA;NA;NA;NA;NA;NA
7;0.31069958209991455;1.0;0.7471141815185547;0.5946502685546875;2.9443821907043457;0.34156379103660583;1.0;5.141650199890137;0.605795681476593;NA;NA;NA;NA;NA;NA;NA;NA;NA
8;0.346707820892334;1.0;0.7374438643455505;0.6189985871315002;2.939547061920166;0.3292181193828583;1.0;5.141650199890137;0.6316872239112854;NA;NA;NA;NA;NA;NA;NA;NA;NA
9;0.3960905373096466;1.0;0.7152381539344788;0.645061731338501;2.9284441471099854;0.3343621492385864;1.0;5.141650199890137;0.6179697513580322;NA;NA;NA;NA;NA;NA;NA;NA;NA
10;0.33539095520973206;1.0;0.733427107334137;0.615912139415741;2.9375386238098145;0.33539095520973206;1.0;5.141650199890137;0.5968793630599976;NA;NA;NA;NA;NA;NA;NA;NA;NA
11;0.3436214029788971;1.0;0.7327110767364502;0.6195130348205566;2.937180519104004;0.34876543283462524;1.0;5.141650199890137;0.5992798209190369;NA;NA;NA;NA;NA;NA;NA;NA;NA
12;0.35185185074806213;1.0;0.7300165295600891;0.6246570944786072;2.93583345413208;0.33847737312316895;1.0;5.141650199890137;0.6102538108825684;NA;NA;NA;NA;NA;NA;NA;NA;NA
13;0.34876543283462524;1.0;0.7335285544395447;0.6225994825363159;2.937589406967163;0.34259259700775146;1.0;5.141650199890137;0.6071673631668091;NA;NA;NA;NA;NA;NA;NA;NA;NA
14;0.37037035822868347;1.0;0.7202640771865845;0.6358023881912231;2.930957078933716;0.33127573132514954;1.0;5.141650199890137;0.6109396815299988;NA;NA;NA;NA;NA;NA;NA;NA;NA
15;0.35596707463264465;1.0;0.723472535610199;0.6304869651794434;2.9325613975524902;0.32510289549827576;1.0;5.141650199890137;0.61076819896698;NA;NA;NA;NA;NA;NA;NA;NA;NA
16;0.346707820892334;1.0;0.7254972457885742;0.6191700100898743;2.9335737228393555;0.3641975224018097;1.0;5.141650199890137;0.616769552230835;NA;NA;NA;NA;NA;NA;NA;NA;NA
17;0.3652263283729553;1.0;0.7186872959136963;0.6347736716270447;2.930168867111206;0.3477366268634796;1.0;5.141650199890137;0.6093963980674744;NA;NA;NA;NA;NA;NA;NA;NA;NA
18;0.33539095520973206;1.0;0.7275972962379456;0.6164266467094421;2.9346237182617188;0.33847737312316895;1.0;5.141650199890137;0.5931069850921631;NA;NA;NA;NA;NA;NA;NA;NA;NA
19;0.3847736716270447;1.0;0.7088138461112976;0.645061731338501;2.92523193359375;0.3127571940422058;1.0;5.141650199890137;0.6188271641731262;NA;NA;NA;NA;NA;NA;NA;NA;NA
20;0.3960905373096466;1.0;0.7097703814506531;0.6508916616439819;2.9257102012634277;0.34567901492118835;1.0;5.141650199890137;0.6160837411880493;NA;NA;NA;NA;NA;NA;NA;NA;NA
21;0.4022633731365204;1.0;0.7069698572158813;0.6568930149078369;2.9243099689483643;0.3302469253540039;1.0;5.141650199890137;0.6224279999732971;NA;NA;NA;NA;NA;NA;NA;NA;NA
22;0.4506172835826874;1.0;0.6845089197158813;0.6884430050849915;2.9130795001983643;0.31687241792678833;1.0;5.141650199890137;0.6021948456764221;NA;NA;NA;NA;NA;NA;NA;NA;NA
23;0.4403292238712311;1.0;0.6887874007225037;0.6819272637367249;2.9152188301086426;0.32407405972480774;1.0;5.141650199890137;0.6241427063941956;NA;NA;NA;NA;NA;NA;NA;NA;NA
24;0.48765432834625244;1.0;0.6687765121459961;0.7121055722236633;2.9052133560180664;0.3261317014694214;1.0;5.141650199890137;0.6030521392822266;NA;NA;NA;NA;NA;NA;NA;NA;NA
25;0.4927983582019806;1.0;0.6618623733520508;0.7162207961082458;2.9017562866210938;0.3497942388057709;1.0;5.141650199890137;0.6140260696411133;NA;NA;NA;NA;NA;NA;NA;NA;NA
26;0.5113168954849243;1.0;0.6509770154953003;0.7275376915931702;2.8963136672973633;0.3199588358402252;1.0;5.141650199890137;0.6189985871315002;NA;NA;NA;NA;NA;NA;NA;NA;NA
27;0.5493826866149902;1.0;0.6357057690620422;0.7496570348739624;2.8886780738830566;0.3127571940422058;1.0;5.141650199890137;0.6222565174102783;NA;NA;NA;NA;NA;NA;NA;NA;NA
28;0.5997942090034485;1.0;0.6225166320800781;0.776063084602356;2.8820834159851074;0.33127573132514954;1.0;5.141650199890137;0.5996227860450745;NA;NA;NA;NA;NA;NA;NA;NA;NA
29;0.5946502089500427;1.0;0.6104819774627686;0.7777777910232544;2.876066207885742;0.36213991045951843;1.0;5.141650199890137;0.6147119402885437;NA;NA;NA;NA;NA;NA;NA;NA;NA
30;0.6553497910499573;1.0;0.5883157849311829;0.8144718408584595;2.864983320236206;0.33230453729629517;1.0;5.141650199890137;0.6229423880577087;NA;NA;NA;NA;NA;NA;NA;NA;NA
31;0.693415641784668;1.0;0.5749596357345581;0.834876537322998;2.858304977416992;0.327160507440567;1.0;5.141650199890137;0.5975651741027832;NA;NA;NA;NA;NA;NA;NA;NA;NA
32;0.7427983283996582;1.0;0.5438781380653381;0.8611111044883728;2.842764139175415;0.3405349850654602;1.0;5.141650199890137;0.6140260696411133;NA;NA;NA;NA;NA;NA;NA;NA;NA
33;0.7448559403419495;1.0;0.5385769009590149;0.8624828457832336;2.840113878250122;0.3230452537536621;1.0;5.141650199890137;0.63700270652771;NA;NA;NA;NA;NA;NA;NA;NA;NA
34;0.7911522388458252;1.0;0.5069414377212524;0.8897462487220764;2.82429575920105;0.3199588358402252;1.0;5.141650199890137;0.6177983283996582;NA;NA;NA;NA;NA;NA;NA;NA;NA
35;0.8117284178733826;1.0;0.48288917541503906;0.9014059901237488;2.812269687652588;0.31790122389793396;1.0;5.141650199890137;0.604938268661499;NA;NA;NA;NA;NA;NA;NA;NA;NA
36;0.845678985118866;1.0;0.45896339416503906;0.9202674627304077;2.800306797027588;0.31481480598449707;1.0;5.141650199890137;0.6081961393356323;NA;NA;NA;NA;NA;NA;NA;NA;NA
37;0.8621399402618408;1.0;0.4454350173473358;0.9286693930625916;2.7935426235198975;0.3395061790943146;1.0;5.141650199890137;0.5944787859916687;NA;NA;NA;NA;NA;NA;NA;NA;NA
38;0.8786008358001709;1.0;0.4226897358894348;0.9367284178733826;2.782170057296753;0.31790122389793396;1.0;5.141650199890137;0.6112825870513916;NA;NA;NA;NA;NA;NA;NA;NA;NA
39;0.8930041193962097;1.0;0.39701953530311584;0.9459876418113708;2.7693347930908203;0.32407405972480774;1.0;5.141650199890137;0.6004800796508789;NA;NA;NA;NA;NA;NA;NA;NA;NA
40;0.9012345671653748;1.0;0.37366393208503723;0.9492455720901489;2.757657051086426;0.34876543283462524;1.0;5.141650199890137;0.609739363193512;NA;NA;NA;NA;NA;NA;NA;NA;NA
41;0.9166666865348816;1.0;0.36173808574676514;0.957647442817688;2.7516942024230957;0.32510289549827576;1.0;5.141650199890137;0.6095678806304932;NA;NA;NA;NA;NA;NA;NA;NA;NA
42;0.9197530746459961;1.0;0.3464186489582062;0.9593621492385864;2.7440345287323;0.33230453729629517;1.0;5.141650199890137;0.6051097512245178;NA;NA;NA;NA;NA;NA;NA;NA;NA
43;0.9362139701843262;1.0;0.32582658529281616;0.9675925970077515;2.733738422393799;0.3302469253540039;1.0;5.141650199890137;0.6171125173568726;NA;NA;NA;NA;NA;NA;NA;NA;NA
44;0.952674925327301;1.0;0.306431382894516;0.9761660099029541;2.7240407466888428;0.3611111044883728;1.0;5.141650199890137;0.6395747065544128;NA;NA;NA;NA;NA;NA;NA;NA;NA
45;0.9444444179534912;1.0;0.2935783267021179;0.9713649153709412;2.71761417388916;0.3220164477825165;1.0;5.141650199890137;0.6064814925193787;NA;NA;NA;NA;NA;NA;NA;NA;NA
46;0.9650205969810486;1.0;0.2673051953315735;0.9823388457298279;2.7044777870178223;0.33847737312316895;1.0;5.141650199890137;0.6123114228248596;NA;NA;NA;NA;NA;NA;NA;NA;NA
47;0.9578189253807068;1.0;0.25559017062187195;0.9787379503250122;2.698620319366455;0.31069958209991455;1.0;5.141650199890137;0.616769552230835;NA;NA;NA;NA;NA;NA;NA;NA;NA
48;0.9691358208656311;1.0;0.24703732132911682;0.9843964576721191;2.6943438053131104;0.3127571940422058;1.0;5.141650199890137;0.6203703880310059;NA;NA;NA;NA;NA;NA;NA;NA;NA
49;0.9722222089767456;1.0;0.22742481529712677;0.9861111044883728;2.684537410736084;0.3158436119556427;1.0;5.141650199890137;0.6023662090301514;NA;NA;NA;NA;NA;NA;NA;NA;NA
50;0.9794238805770874;1.0;0.2085392028093338;0.9897119402885437;2.6750946044921875;0.3569958806037903;1.0;5.141650199890137;0.6224279999732971;NA;NA;NA;NA;NA;NA;NA;NA;NA
51;0.9794238805770874;1.0;0.20211026072502136;0.9897119402885437;2.6718802452087402;0.32098764181137085;1.0;5.141650199890137;0.6165980696678162;NA;NA;NA;NA;NA;NA;NA;NA;NA
52;0.9855967164039612;1.0;0.18660421669483185;0.9927983283996582;2.6641271114349365;0.3158436119556427;1.0;5.141650199890137;0.5925925970077515;NA;NA;NA;NA;NA;NA;NA;NA;NA
53;0.9886831045150757;1.0;0.16992220282554626;0.994170069694519;2.6557862758636475;0.3580246865749359;1.0;5.141650199890137;0.5999656915664673;NA;NA;NA;NA;NA;NA;NA;NA;NA
54;0.9886831045150757;1.0;0.16146418452262878;0.9943415522575378;2.651557207107544;0.3395061790943146;1.0;5.141650199890137;0.6160837411880493;NA;NA;NA;NA;NA;NA;NA;NA;NA
55;0.9835391044616699;1.0;0.1455773562192917;0.991769552230835;2.643613815307617;0.33539095520973206;1.0;5.141650199890137;0.6114540100097656;NA;NA;NA;NA;NA;NA;NA;NA;NA
56;0.991769552230835;1.0;0.1419946551322937;0.9958847761154175;2.641822338104248;0.31069958209991455;1.0;5.141650199890137;0.6152263283729553;NA;NA;NA;NA;NA;NA;NA;NA;NA
57;0.991769552230835;1.0;0.12775346636772156;0.9958847761154175;2.634701728820801;0.33539095520973206;1.0;5.141650199890137;0.6138545274734497;NA;NA;NA;NA;NA;NA;NA;NA;NA
58;0.9969135522842407;1.0;0.12313631922006607;0.9984567761421204;2.6323933601379395;0.34259259700775146;1.0;5.141650199890137;0.6001371741294861;NA;NA;NA;NA;NA;NA;NA;NA;NA
59;0.9938271641731262;1.0;0.11608265340328217;0.9969135522842407;2.628866195678711;0.3364197611808777;1.0;5.141650199890137;0.5941358208656311;NA;NA;NA;NA;NA;NA;NA;NA;NA
60;0.9958847761154175;1.0;0.10479739308357239;0.9979423880577087;2.6232237815856934;0.34876543283462524;1.0;5.141650199890137;0.619170069694519;NA;NA;NA;NA;NA;NA;NA;NA;NA
61;0.9979423880577087;1.0;0.0989893227815628;0.998971164226532;2.6203198432922363;0.32510289549827576;1.0;5.141650199890137;0.6148834228515625;NA;NA;NA;NA;NA;NA;NA;NA;NA
62;0.9969135522842407;1.0;0.09208459407091141;0.9984567761421204;2.6168673038482666;0.32407405972480774;1.0;5.141650199890137;0.6021948456764221;NA;NA;NA;NA;NA;NA;NA;NA;NA
63;0.9979423880577087;1.0;0.08557005226612091;0.998971164226532;2.613610029220581;0.35288065671920776;1.0;5.141650199890137;0.6195129752159119;NA;NA;NA;NA;NA;NA;NA;NA;NA
64;1.0;1.0;0.07765047997236252;1.0;2.6096503734588623;0.33230453729629517;1.0;5.141650199890137;0.6073387861251831;NA;NA;NA;NA;NA;NA;NA;NA;NA
65;0.998971164226532;1.0;0.07274046540260315;0.9994856119155884;2.6071953773498535;0.32510289549827576;1.0;5.141650199890137;0.6093964576721191;NA;NA;NA;NA;NA;NA;NA;NA;NA
66;1.0;1.0;0.06646040827035904;1.0;2.604055404663086;0.31790122389793396;1.0;5.141650199890137;0.5960219502449036;NA;NA;NA;NA;NA;NA;NA;NA;NA
67;0.998971164226532;1.0;0.06286688894033432;0.9994856119155884;2.6022584438323975;0.3580246865749359;1.0;5.141650199890137;0.5977365970611572;NA;NA;NA;NA;NA;NA;NA;NA;NA
68;0.998971164226532;1.0;0.05809620022773743;0.9994856119155884;2.5998733043670654;0.34259259700775146;1.0;5.141650199890137;0.6021947860717773;NA;NA;NA;NA;NA;NA;NA;NA;NA
69;1.0;1.0;0.05318523198366165;1.0;2.5974178314208984;0.3292181193828583;1.0;5.141650199890137;0.625;NA;NA;NA;NA;NA;NA;NA;NA;NA
70;1.0;1.0;0.049723993986845016;1.0;2.5956871509552;0.3374485671520233;1.0;5.141650199890137;0.605795681476593;NA;NA;NA;NA;NA;NA;NA;NA;NA
71;1.0;1.0;0.04461676999926567;1.0;2.5931334495544434;0.31069958209991455;1.0;5.141650199890137;0.6107681393623352;NA;NA;NA;NA;NA;NA;NA;NA;NA
72;1.0;1.0;0.04246319457888603;1.0;2.5920567512512207;0.3261317014694214;1.0;5.141650199890137;0.6274005174636841;NA;NA;NA;NA;NA;NA;NA;NA;NA
73;1.0;1.0;0.03841150552034378;1.0;2.5900309085845947;0.36316871643066406;1.0;5.141650199890137;0.5970507860183716;NA;NA;NA;NA;NA;NA;NA;NA;NA
74;1.0;1.0;0.03679661080241203;1.0;2.5892233848571777;0.33230453729629517;1.0;5.141650199890137;0.5997942090034485;NA;NA;NA;NA;NA;NA;NA;NA;NA
75;1.0;1.0;0.03426733613014221;1.0;2.587958574295044;0.354938268661499;1.0;5.141650199890137;0.616769552230835;NA;NA;NA;NA;NA;NA;NA;NA;NA
76;1.0;1.0;0.031646326184272766;1.0;2.5866482257843018;0.32098764181137085;1.0;5.141650199890137;0.6176269054412842;NA;NA;NA;NA;NA;NA;NA;NA;NA
77;1.0;1.0;0.03025670535862446;1.0;2.5859534740448;0.3343621492385864;1.0;5.141650199890137;0.6093963980674744;NA;NA;NA;NA;NA;NA;NA;NA;NA
78;1.0;1.0;0.02847260981798172;1.0;2.5850613117218018;0.3364197611808777;1.0;5.141650199890137;0.6141975522041321;NA;NA;NA;NA;NA;NA;NA;NA;NA
79;1.0;1.0;0.026113243773579597;1.0;2.5838816165924072;0.3497942388057709;1.0;5.141650199890137;0.6004801392555237;NA;NA;NA;NA;NA;NA;NA;NA;NA
80;1.0;1.0;0.025534914806485176;1.0;2.583592653274536;0.3333333432674408;1.0;5.141650199890137;0.5955075621604919;NA;NA;NA;NA;NA;NA;NA;NA;NA
81;1.0;1.0;0.023873023688793182;1.0;2.582761526107788;0.33127573132514954;1.0;5.141650199890137;0.6097393035888672;NA;NA;NA;NA;NA;NA;NA;NA;NA
82;1.0;1.0;0.02224617265164852;1.0;2.5819482803344727;0.31378600001335144;1.0;5.141650199890137;0.6056241393089294;NA;NA;NA;NA;NA;NA;NA;NA;NA
83;1.0;1.0;0.021563472226262093;1.0;2.581606864929199;0.34259259700775146;1.0;5.141650199890137;0.6117969155311584;NA;NA;NA;NA;NA;NA;NA;NA;NA
84;1.0;1.0;0.020813077688217163;1.0;2.5812315940856934;0.3343621492385864;1.0;5.141650199890137;0.616769552230835;NA;NA;NA;NA;NA;NA;NA;NA;NA
85;1.0;1.0;0.019812995567917824;1.0;2.5807316303253174;0.3405349850654602;1.0;5.141650199890137;0.6255143880844116;NA;NA;NA;NA;NA;NA;NA;NA;NA
86;1.0;1.0;0.01942596770823002;1.0;2.580538034439087;0.3189300298690796;1.0;5.141650199890137;0.6207132935523987;NA;NA;NA;NA;NA;NA;NA;NA;NA
87;1.0;1.0;0.018532345071434975;1.0;2.5800912380218506;0.33847737312316895;1.0;5.141650199890137;0.5985939502716064;NA;NA;NA;NA;NA;NA;NA;NA;NA
88;1.0;1.0;0.017523450776934624;1.0;2.5795867443084717;0.3292181193828583;1.0;5.141650199890137;0.6068243980407715;NA;NA;NA;NA;NA;NA;NA;NA;NA
89;1.0;1.0;0.017267968505620956;1.0;2.5794591903686523;0.30041152238845825;1.0;5.141650199890137;0.6119685173034668;NA;NA;NA;NA;NA;NA;NA;NA;NA
90;1.0;1.0;0.016070175915956497;1.0;2.578860282897949;0.31378600001335144;1.0;5.141650199890137;0.6140260696411133;NA;NA;NA;NA;NA;NA;NA;NA;NA
91;1.0;1.0;0.015981001779437065;1.0;2.5788156986236572;0.36316871643066406;1.0;5.141650199890137;0.5977365970611572;NA;NA;NA;NA;NA;NA;NA;NA;NA
92;1.0;1.0;0.01568990759551525;1.0;2.578670024871826;0.31790122389793396;1.0;5.141650199890137;0.5960220098495483;NA;NA;NA;NA;NA;NA;NA;NA;NA
93;1.0;1.0;0.01581392250955105;1.0;2.5787320137023926;0.33230453729629517;1.0;5.141650199890137;0.6045953035354614;NA;NA;NA;NA;NA;NA;NA;NA;NA
94;1.0;1.0;0.014928242191672325;1.0;2.578289270401001;0.33539095520973206;1.0;5.141650199890137;0.5852195024490356;NA;NA;NA;NA;NA;NA;NA;NA;NA
95;1.0;1.0;0.014660101383924484;1.0;2.578155040740967;0.3189300298690796;1.0;5.141650199890137;0.6152263283729553;NA;NA;NA;NA;NA;NA;NA;NA;NA
96;1.0;1.0;0.014301210641860962;1.0;2.5779757499694824;0.33127573132514954;1.0;5.141650199890137;0.6063100695610046;NA;NA;NA;NA;NA;NA;NA;NA;NA
97;1.0;1.0;0.014055647887289524;1.0;2.577852964401245;0.3436214029788971;1.0;5.141650199890137;0.5968793034553528;NA;NA;NA;NA;NA;NA;NA;NA;NA
98;1.0;1.0;0.01427303534001112;1.0;2.5779616832733154;0.35185185074806213;1.0;5.141650199890137;0.6169410347938538;NA;NA;NA;NA;NA;NA;NA;NA;NA
99;1.0;1.0;0.013931414112448692;1.0;2.5777907371520996;0.34876543283462524;1.0;5.141650199890137;0.6061385273933411;NA;NA;NA;NA;NA;NA;NA;NA;NA
0;0.3261317014694214;1.0;0.733840823173523;0.6073388457298279;2.9377455711364746;0.3374485671520233;1.0;5.141650199890137;0.6121399402618408;NA;NA;NA;NA;NA;NA;NA;NA;NA
1;0.3292181193828583;1.0;0.7420737743377686;0.6076817512512207;2.941862106323242;0.3497942388057709;1.0;5.141650199890137;0.6068243980407715;NA;NA;NA;NA;NA;NA;NA;NA;NA
2;0.3333333432674408;1.0;0.7396846413612366;0.6085391044616699;2.9406673908233643;0.32818931341171265;1.0;5.141650199890137;0.6160836815834045;NA;NA;NA;NA;NA;NA;NA;NA;NA
3;0.31687241792678833;1.0;0.739205539226532;0.6011659502983093;2.940427780151367;0.30452674627304077;1.0;5.141650199890137;0.6188271045684814;NA;NA;NA;NA;NA;NA;NA;NA;NA
4;0.3292181193828583;1.0;0.732738733291626;0.6095678806304932;2.937194347381592;0.33539095520973206;1.0;5.141650199890137;0.6100823283195496;NA;NA;NA;NA;NA;NA;NA;NA;NA
5;0.3117283880710602;1.0;0.7407584190368652;0.5977365970611572;2.941204309463501;0.33230453729629517;1.0;5.141650199890137;0.6092249155044556;NA;NA;NA;NA;NA;NA;NA;NA;NA
6;0.3158436119556427;1.0;0.7436814904212952;0.6032236218452454;2.9426658153533936;0.33230453729629517;1.0;5.141650199890137;0.6009944677352905;NA;NA;NA;NA;NA;NA;NA;NA;NA
7;0.3786008358001709;1.0;0.7218942046165466;0.6380314826965332;2.931772232055664;0.32407405972480774;1.0;5.141650199890137;0.6140260696411133;NA;NA;NA;NA;NA;NA;NA;NA;NA
8;0.35288065671920776;1.0;0.726111114025116;0.6205418705940247;2.933880567550659;0.3343621492385864;1.0;5.141650199890137;0.6107681393623352;NA;NA;NA;NA;NA;NA;NA;NA;NA
9;0.3302469253540039;1.0;0.7304867506027222;0.6105967164039612;2.936068534851074;0.3405349850654602;1.0;5.141650199890137;0.6241427063941956;NA;NA;NA;NA;NA;NA;NA;NA;NA
10;0.32098764181137085;1.0;0.7383741736412048;0.603738009929657;2.940012216567993;0.3436214029788971;1.0;5.141650199890137;0.6179697513580322;NA;NA;NA;NA;NA;NA;NA;NA;NA
11;0.3446502089500427;1.0;0.7344452142715454;0.6172839403152466;2.9380476474761963;0.3261317014694214;1.0;5.141650199890137;0.6167694926261902;NA;NA;NA;NA;NA;NA;NA;NA;NA
12;0.34567901492118835;1.0;0.73359215259552;0.6193415522575378;2.9376211166381836;0.3477366268634796;1.0;5.141650199890137;0.6102538108825684;NA;NA;NA;NA;NA;NA;NA;NA;NA
13;0.3333333432674408;1.0;0.7271736860275269;0.6143689751625061;2.9344120025634766;0.33847737312316895;1.0;5.141650199890137;0.6021948456764221;NA;NA;NA;NA;NA;NA;NA;NA;NA
14;0.354938268661499;1.0;0.7261741161346436;0.6229423880577087;2.9339122772216797;0.31378600001335144;1.0;5.141650199890137;0.5819616913795471;NA;NA;NA;NA;NA;NA;NA;NA;NA
15;0.37345677614212036;1.0;0.7189950346946716;0.6347736716270447;2.9303226470947266;0.34567901492118835;1.0;5.141650199890137;0.6051097512245178;NA;NA;NA;NA;NA;NA;NA;NA;NA
16;0.37242797017097473;1.0;0.7264204025268555;0.6352880597114563;2.934035301208496;0.327160507440567;1.0;5.141650199890137;0.6165980696678162;NA;NA;NA;NA;NA;NA;NA;NA;NA
17;0.37037035822868347;1.0;0.7181862592697144;0.6376885175704956;2.9299182891845703;0.3395061790943146;1.0;5.141650199890137;0.5922496318817139;NA;NA;NA;NA;NA;NA;NA;NA;NA
18;0.3652263283729553;1.0;0.7205768823623657;0.6339162588119507;2.9311134815216064;0.34876543283462524;1.0;5.141650199890137;0.605109691619873;NA;NA;NA;NA;NA;NA;NA;NA;NA
19;0.37757202982902527;1.0;0.7071141600608826;0.6430041193962097;2.924382209777832;0.35185185074806213;1.0;5.141650199890137;0.5960220098495483;NA;NA;NA;NA;NA;NA;NA;NA;NA
20;0.41769546270370483;1.0;0.7045731544494629;0.6646090745925903;2.9231116771698;0.3497942388057709;1.0;5.141650199890137;0.6308298707008362;NA;NA;NA;NA;NA;NA;NA;NA;NA
21;0.39094650745391846;1.0;0.7094270586967468;0.6495198607444763;2.9255385398864746;0.33127573132514954;1.0;5.141650199890137;0.6090534925460815;NA;NA;NA;NA;NA;NA;NA;NA;NA
22;0.42489710450172424;1.0;0.6996856927871704;0.6695815920829773;2.920667886734009;0.3713991641998291;1.0;5.141650199890137;0.6203703880310059;NA;NA;NA;NA;NA;NA;NA;NA;NA
23;0.4125514328479767;1.0;0.693139374256134;0.6639231443405151;2.9173948764801025;0.3127571940422058;1.0;5.141650199890137;0.5972222089767456;NA;NA;NA;NA;NA;NA;NA;NA;NA
24;0.4783950746059418;1.0;0.6744858026504517;0.7021604776382446;2.9080679416656494;0.3446502089500427;1.0;5.141650199890137;0.6081961989402771;NA;NA;NA;NA;NA;NA;NA;NA;NA
25;0.5102880597114563;1.0;0.6644401550292969;0.7198216319084167;2.903045177459717;0.3374485671520233;1.0;5.141650199890137;0.6171124577522278;NA;NA;NA;NA;NA;NA;NA;NA;NA
26;0.5072016716003418;1.0;0.6546562910079956;0.7244511842727661;2.898153305053711;0.34567901492118835;1.0;5.141650199890137;0.626028835773468;NA;NA;NA;NA;NA;NA;NA;NA;NA
27;0.5771604776382446;1.0;0.6275395750999451;0.7683470249176025;2.8845949172973633;0.33230453729629517;1.0;5.141650199890137;0.595678985118866;NA;NA;NA;NA;NA;NA;NA;NA;NA
28;0.5792180895805359;1.0;0.6266591548919678;0.7659465074539185;2.884154796600342;0.31378600001335144;1.0;5.141650199890137;0.6093963980674744;NA;NA;NA;NA;NA;NA;NA;NA;NA
29;0.6172839403152466;1.0;0.607803463935852;0.7884088158607483;2.8747267723083496;0.33539095520973206;1.0;5.141650199890137;0.6160836815834045;NA;NA;NA;NA;NA;NA;NA;NA;NA
30;0.6553497910499573;1.0;0.589698076248169;0.8118999004364014;2.8656740188598633;0.35596707463264465;1.0;5.141650199890137;0.6112825870513916;NA;NA;NA;NA;NA;NA;NA;NA;NA
31;0.7129629850387573;1.0;0.5718576908111572;0.8412208557128906;2.8567538261413574;0.3333333432674408;1.0;5.141650199890137;0.6008230447769165;NA;NA;NA;NA;NA;NA;NA;NA;NA
32;0.7386831045150757;1.0;0.5528298616409302;0.8581961393356323;2.8472399711608887;0.33230453729629517;1.0;5.141650199890137;0.6224279999732971;NA;NA;NA;NA;NA;NA;NA;NA;NA
33;0.7695473432540894;1.0;0.5251966118812561;0.8737996220588684;2.833423137664795;0.3292181193828583;1.0;5.141650199890137;0.6162551641464233;NA;NA;NA;NA;NA;NA;NA;NA;NA
34;0.7849794030189514;1.0;0.5048505067825317;0.8854594826698303;2.8232502937316895;0.33230453729629517;1.0;5.141650199890137;0.5905349850654602;NA;NA;NA;NA;NA;NA;NA;NA;NA
35;0.7942386865615845;1.0;0.4962744116783142;0.8883745074272156;2.818962335586548;0.31481480598449707;1.0;5.141650199890137;0.6119685173034668;NA;NA;NA;NA;NA;NA;NA;NA;NA
36;0.8168724179267883;1.0;0.4701649248600006;0.9051783084869385;2.8059074878692627;0.3333333432674408;1.0;5.141650199890137;0.6112825274467468;NA;NA;NA;NA;NA;NA;NA;NA;NA
37;0.855967104434967;1.0;0.4450506567955017;0.9236968755722046;2.7933504581451416;0.3189300298690796;1.0;5.141650199890137;0.6083676815032959;NA;NA;NA;NA;NA;NA;NA;NA;NA
38;0.8569958806037903;1.0;0.42052507400512695;0.9254115223884583;2.781087636947632;0.34156379103660583;1.0;5.141650199890137;0.6196844577789307;NA;NA;NA;NA;NA;NA;NA;NA;NA
39;0.8899176716804504;1.0;0.39482468366622925;0.9430727362632751;2.768237352371216;0.3261317014694214;1.0;5.141650199890137;0.6231138110160828;NA;NA;NA;NA;NA;NA;NA;NA;NA
40;0.9053497910499573;1.0;0.3753927946090698;0.9513031840324402;2.758521556854248;0.29732510447502136;1.0;5.141650199890137;0.5982510447502136;NA;NA;NA;NA;NA;NA;NA;NA;NA
41;0.895061731338501;1.0;0.3632640540599823;0.9459876418113708;2.7524571418762207;0.3436214029788971;1.0;5.141650199890137;0.6045953631401062;NA;NA;NA;NA;NA;NA;NA;NA;NA
42;0.9187242984771729;1.0;0.339661568403244;0.9583333134651184;2.7406558990478516;0.3230452537536621;1.0;5.141650199890137;0.6169410347938538;NA;NA;NA;NA;NA;NA;NA;NA;NA
43;0.9331275820732117;1.0;0.31963974237442017;0.9660493731498718;2.730644941329956;0.34156379103660583;1.0;5.141650199890137;0.615912139415741;NA;NA;NA;NA;NA;NA;NA;NA;NA
44;0.9341563582420349;1.0;0.304844468832016;0.9660493731498718;2.7232472896575928;0.33230453729629517;1.0;5.141650199890137;0.6215705871582031;NA;NA;NA;NA;NA;NA;NA;NA;NA
45;0.9423868060112;1.0;0.2882569432258606;0.9705075621604919;2.714953660964966;0.3641975224018097;1.0;5.141650199890137;0.6124827861785889;NA;NA;NA;NA;NA;NA;NA;NA;NA
46;0.952674925327301;1.0;0.274975061416626;0.9758230447769165;2.708312511444092;0.3261317014694214;1.0;5.141650199890137;0.6039094924926758;NA;NA;NA;NA;NA;NA;NA;NA;NA
47;0.9681069850921631;1.0;0.2545332908630371;0.983710527420044;2.698091745376587;0.3220164477825165;1.0;5.141650199890137;0.6095678806304932;NA;NA;NA;NA;NA;NA;NA;NA;NA
48;0.9660493731498718;1.0;0.24660679697990417;0.9826817512512207;2.6941285133361816;0.3569958806037903;1.0;5.141650199890137;0.608710527420044;NA;NA;NA;NA;NA;NA;NA;NA;NA
49;0.9691358208656311;1.0;0.22936426103115082;0.9840534925460815;2.685507297515869;0.3395061790943146;1.0;5.141650199890137;0.6042524576187134;NA;NA;NA;NA;NA;NA;NA;NA;NA
50;0.9639917612075806;1.0;0.21448902785778046;0.9814814925193787;2.678069591522217;0.3446502089500427;1.0;5.141650199890137;0.6104252934455872;NA;NA;NA;NA;NA;NA;NA;NA;NA
51;0.9722222089767456;1.0;0.2007717490196228;0.9857681393623352;2.671211004257202;0.31378600001335144;1.0;5.141650199890137;0.6092249751091003;NA;NA;NA;NA;NA;NA;NA;NA;NA
52;0.9773662686347961;1.0;0.18552790582180023;0.9885116219520569;2.6635890007019043;0.33847737312316895;1.0;5.141650199890137;0.6006516218185425;NA;NA;NA;NA;NA;NA;NA;NA;NA
53;0.9753086566925049;1.0;0.1729452759027481;0.9876543283462524;2.6572978496551514;0.3374485671520233;1.0;5.141650199890137;0.6039095520973206;NA;NA;NA;NA;NA;NA;NA;NA;NA
54;0.9773662686347961;1.0;0.16217006742954254;0.9885116219520569;2.6519100666046143;0.3343621492385864;1.0;5.141650199890137;0.6088820099830627;NA;NA;NA;NA;NA;NA;NA;NA;NA
55;0.9855967164039612;1.0;0.15581436455249786;0.9924553632736206;2.6487321853637695;0.3189300298690796;1.0;5.141650199890137;0.6220850348472595;NA;NA;NA;NA;NA;NA;NA;NA;NA
56;0.9814814925193787;1.0;0.14898781478405;0.9907407164573669;2.6453189849853516;0.32818931341171265;1.0;5.141650199890137;0.61076819896698;NA;NA;NA;NA;NA;NA;NA;NA;NA
57;0.9927983283996582;1.0;0.1362372189760208;0.9963991641998291;2.638943672180176;0.32407405972480774;1.0;5.141650199890137;0.6155692338943481;NA;NA;NA;NA;NA;NA;NA;NA;NA
58;0.9886831045150757;1.0;0.13016360998153687;0.9943415522575378;2.635906934738159;0.33127573132514954;1.0;5.141650199890137;0.6155692934989929;NA;NA;NA;NA;NA;NA;NA;NA;NA
59;0.9907407164573669;1.0;0.11914011836051941;0.9950273633003235;2.6303951740264893;0.298353910446167;1.0;5.141650199890137;0.6099109053611755;NA;NA;NA;NA;NA;NA;NA;NA;NA
60;0.9948559403419495;1.0;0.10878905653953552;0.9974279999732971;2.6252195835113525;0.34259259700775146;1.0;5.141650199890137;0.6299726366996765;NA;NA;NA;NA;NA;NA;NA;NA;NA
61;0.9948559403419495;1.0;0.1024954542517662;0.9974279999732971;2.62207293510437;0.33230453729629517;1.0;5.141650199890137;0.609910786151886;NA;NA;NA;NA;NA;NA;NA;NA;NA
62;0.9938271641731262;1.0;0.09760148078203201;0.9969135522842407;2.6196258068084717;0.33230453729629517;1.0;5.141650199890137;0.6143689751625061;NA;NA;NA;NA;NA;NA;NA;NA;NA
63;0.9969135522842407;1.0;0.09130506217479706;0.9984567761421204;2.6164777278900146;0.3199588358402252;1.0;5.141650199890137;0.6056241393089294;NA;NA;NA;NA;NA;NA;NA;NA;NA
64;0.9958847761154175;1.0;0.08222364634275436;0.9979423880577087;2.6119368076324463;0.3364197611808777;1.0;5.141650199890137;0.604766845703125;NA;NA;NA;NA;NA;NA;NA;NA;NA
65;0.998971164226532;1.0;0.07659917324781418;0.9994856119155884;2.6091246604919434;0.3477366268634796;1.0;5.141650199890137;0.5951645970344543;NA;NA;NA;NA;NA;NA;NA;NA;NA
66;1.0;1.0;0.07079664617776871;1.0;2.6062233448028564;0.32510289549827576;1.0;5.141650199890137;0.6066529154777527;NA;NA;NA;NA;NA;NA;NA;NA;NA
67;1.0;1.0;0.06565390527248383;1.0;2.603652000427246;0.3333333432674408;1.0;5.141650199890137;0.6095678806304932;NA;NA;NA;NA;NA;NA;NA;NA;NA
68;0.998971164226532;1.0;0.06151404231786728;0.9994856119155884;2.6015820503234863;0.33847737312316895;1.0;5.141650199890137;0.6004800796508789;NA;NA;NA;NA;NA;NA;NA;NA;NA
69;0.998971164226532;1.0;0.05653010681271553;0.9994856119155884;2.599090099334717;0.2921810746192932;1.0;5.141650199890137;0.6015088558197021;NA;NA;NA;NA;NA;NA;NA;NA;NA
70;1.0;1.0;0.051160264760255814;1.0;2.596405267715454;0.33230453729629517;1.0;5.141650199890137;0.6117969155311584;NA;NA;NA;NA;NA;NA;NA;NA;NA
71;1.0;1.0;0.049592506140470505;1.0;2.595621347427368;0.3600822985172272;1.0;5.141650199890137;0.6176268458366394;NA;NA;NA;NA;NA;NA;NA;NA;NA
72;1.0;1.0;0.04484100639820099;1.0;2.593245506286621;0.32407405972480774;1.0;5.141650199890137;0.615912139415741;NA;NA;NA;NA;NA;NA;NA;NA;NA
73;1.0;1.0;0.04232008382678032;1.0;2.5919852256774902;0.32818931341171265;1.0;5.141650199890137;0.6141975522041321;NA;NA;NA;NA;NA;NA;NA;NA;NA
74;1.0;1.0;0.037744082510471344;1.0;2.5896971225738525;0.327160507440567;1.0;5.141650199890137;0.6217420697212219;NA;NA;NA;NA;NA;NA;NA;NA;NA
75;1.0;1.0;0.036425452679395676;1.0;2.5890378952026367;0.3302469253540039;1.0;5.141650199890137;0.6239712834358215;NA;NA;NA;NA;NA;NA;NA;NA;NA
76;1.0;1.0;0.03490769863128662;1.0;2.5882790088653564;0.32407405972480774;1.0;5.141650199890137;0.6222565770149231;NA;NA;NA;NA;NA;NA;NA;NA;NA
77;1.0;1.0;0.031285084784030914;1.0;2.586467742919922;0.3343621492385864;1.0;5.141650199890137;0.6032236218452454;NA;NA;NA;NA;NA;NA;NA;NA;NA
78;1.0;1.0;0.029301650822162628;1.0;2.5854759216308594;0.30658435821533203;1.0;5.141650199890137;0.6087105870246887;NA;NA;NA;NA;NA;NA;NA;NA;NA
79;1.0;1.0;0.028591686859726906;1.0;2.585120916366577;0.3374485671520233;1.0;5.141650199890137;0.6141975522041321;NA;NA;NA;NA;NA;NA;NA;NA;NA
80;1.0;1.0;0.02641567960381508;1.0;2.5840330123901367;0.35288065671920776;1.0;5.141650199890137;0.6236282587051392;NA;NA;NA;NA;NA;NA;NA;NA;NA
81;1.0;1.0;0.02466803789138794;1.0;2.5831592082977295;0.3127571940422058;1.0;5.141650199890137;0.616769552230835;NA;NA;NA;NA;NA;NA;NA;NA;NA
82;1.0;1.0;0.023872755467891693;1.0;2.582761526107788;0.32510289549827576;1.0;5.141650199890137;0.6131687164306641;NA;NA;NA;NA;NA;NA;NA;NA;NA
83;1.0;1.0;0.02245861105620861;1.0;2.582054376602173;0.3395061790943146;1.0;5.141650199890137;0.5985939502716064;NA;NA;NA;NA;NA;NA;NA;NA;NA
84;1.0;1.0;0.02112853340804577;1.0;2.5813894271850586;0.3374485671520233;1.0;5.141650199890137;0.5980796217918396;NA;NA;NA;NA;NA;NA;NA;NA;NA
85;1.0;1.0;0.02069505862891674;1.0;2.5811727046966553;0.35288065671920776;1.0;5.141650199890137;0.6035664677619934;NA;NA;NA;NA;NA;NA;NA;NA;NA
86;1.0;1.0;0.019728519022464752;1.0;2.5806894302368164;0.3343621492385864;1.0;5.141650199890137;0.6006516218185425;NA;NA;NA;NA;NA;NA;NA;NA;NA
87;1.0;1.0;0.019127940759062767;1.0;2.5803890228271484;0.3641975224018097;1.0;5.141650199890137;0.611968457698822;NA;NA;NA;NA;NA;NA;NA;NA;NA
88;1.0;1.0;0.018740804865956306;1.0;2.580195426940918;0.3436214029788971;1.0;5.141650199890137;0.6203703880310059;NA;NA;NA;NA;NA;NA;NA;NA;NA
89;1.0;1.0;0.01804971508681774;1.0;2.5798499584198;0.31481480598449707;1.0;5.141650199890137;0.6138545870780945;NA;NA;NA;NA;NA;NA;NA;NA;NA
90;1.0;1.0;0.017438076436519623;1.0;2.5795440673828125;0.32098764181137085;1.0;5.141650199890137;0.6045953631401062;NA;NA;NA;NA;NA;NA;NA;NA;NA
91;1.0;1.0;0.01681179367005825;1.0;2.579231023788452;0.3302469253540039;1.0;5.141650199890137;0.6153977513313293;NA;NA;NA;NA;NA;NA;NA;NA;NA
92;1.0;1.0;0.016203124076128006;1.0;2.5789265632629395;0.3014403283596039;1.0;5.141650199890137;0.6099109053611755;NA;NA;NA;NA;NA;NA;NA;NA;NA
93;1.0;1.0;0.016008026897907257;1.0;2.578829050064087;0.33847737312316895;1.0;5.141650199890137;0.6042524576187134;NA;NA;NA;NA;NA;NA;NA;NA;NA
94;1.0;1.0;0.01565173827111721;1.0;2.578650951385498;0.3261317014694214;1.0;5.141650199890137;0.6102538108825684;NA;NA;NA;NA;NA;NA;NA;NA;NA
95;1.0;1.0;0.015274652279913425;1.0;2.5784623622894287;0.3364197611808777;1.0;5.141650199890137;0.6004801392555237;NA;NA;NA;NA;NA;NA;NA;NA;NA
96;1.0;1.0;0.015090098604559898;1.0;2.5783700942993164;0.35288065671920776;1.0;5.141650199890137;0.6104252934455872;NA;NA;NA;NA;NA;NA;NA;NA;NA
97;1.0;1.0;0.014733189716935158;1.0;2.5781917572021484;0.3446502089500427;1.0;5.141650199890137;0.6299726366996765;NA;NA;NA;NA;NA;NA;NA;NA;NA
98;1.0;1.0;0.014501743949949741;1.0;2.578075885772705;0.3508230447769165;1.0;5.141650199890137;0.6083676815032959;NA;NA;NA;NA;NA;NA;NA;NA;NA
99;1.0;1.0;0.014395206235349178;1.0;2.5780227184295654;0.35596707463264465;1.0;5.141650199890137;0.603738009929657;NA;NA;NA;NA;NA;NA;NA;NA;NA
0;0.33230453729629517;1.0;0.742859423160553;0.605109691619873;2.9422547817230225;0.36625513434410095;1.0;5.141650199890137;0.6080247163772583;NA;NA;NA;NA;NA;NA;NA;NA;NA
1;0.3374485671520233;1.0;0.7375573515892029;0.6109396815299988;2.939603805541992;0.31687241792678833;1.0;5.141650199890137;0.61299729347229;NA;NA;NA;NA;NA;NA;NA;NA;NA
2;0.3343621492385864;1.0;0.7316365838050842;0.6129972338676453;2.936643362045288;0.32407405972480774;1.0;5.141650199890137;0.6222565174102783;NA;NA;NA;NA;NA;NA;NA;NA;NA
3;0.3230452537536621;1.0;0.7419470548629761;0.6013374328613281;2.941798686981201;0.3261317014694214;1.0;5.141650199890137;0.6155692338943481;NA;NA;NA;NA;NA;NA;NA;NA;NA
4;0.33230453729629517;1.0;0.7327980995178223;0.6100823283195496;2.9372241497039795;0.3436214029788971;1.0;5.141650199890137;0.6147119402885437;NA;NA;NA;NA;NA;NA;NA;NA;NA
5;0.3230452537536621;1.0;0.7337602376937866;0.6047667860984802;2.9377052783966064;0.3436214029788971;1.0;5.141650199890137;0.6044238805770874;NA;NA;NA;NA;NA;NA;NA;NA;NA
6;0.3405349850654602;1.0;0.7375413179397583;0.6126543283462524;2.9395956993103027;0.33539095520973206;1.0;5.141650199890137;0.6189985871315002;NA;NA;NA;NA;NA;NA;NA;NA;NA
7;0.3302469253540039;1.0;0.7315434813499451;0.6121399402618408;2.9365968704223633;0.34876543283462524;1.0;5.141650199890137;0.610939621925354;NA;NA;NA;NA;NA;NA;NA;NA;NA
8;0.34876543283462524;1.0;0.7404079437255859;0.6179698705673218;2.9410290718078613;0.3189300298690796;1.0;5.141650199890137;0.6275719404220581;NA;NA;NA;NA;NA;NA;NA;NA;NA
9;0.3364197611808777;1.0;0.7281396389007568;0.6135116219520569;2.9348950386047363;0.32407405972480774;1.0;5.141650199890137;0.6128258109092712;NA;NA;NA;NA;NA;NA;NA;NA;NA
10;0.3096707761287689;1.0;0.7418063282966614;0.5991083979606628;2.941728353500366;0.34567901492118835;1.0;5.141650199890137;0.6104252934455872;NA;NA;NA;NA;NA;NA;NA;NA;NA
11;0.33539095520973206;1.0;0.7377089262008667;0.6114540696144104;2.9396796226501465;0.3508230447769165;1.0;5.141650199890137;0.6023662686347961;NA;NA;NA;NA;NA;NA;NA;NA;NA
12;0.3539094626903534;1.0;0.7199248671531677;0.6286008358001709;2.9307875633239746;0.346707820892334;1.0;5.141650199890137;0.5977365970611572;NA;NA;NA;NA;NA;NA;NA;NA;NA
13;0.3539094626903534;1.0;0.7279770970344543;0.6272290945053101;2.9348137378692627;0.327160507440567;1.0;5.141650199890137;0.6126543283462524;NA;NA;NA;NA;NA;NA;NA;NA;NA
14;0.3539094626903534;1.0;0.7206400036811829;0.6277434825897217;2.931145429611206;0.3292181193828583;1.0;5.141650199890137;0.6253429651260376;NA;NA;NA;NA;NA;NA;NA;NA;NA
15;0.3508230447769165;1.0;0.7238372564315796;0.6243141293525696;2.932743787765503;0.34156379103660583;1.0;5.141650199890137;0.616940975189209;NA;NA;NA;NA;NA;NA;NA;NA;NA
16;0.37757202982902527;1.0;0.725141704082489;0.6366598010063171;2.9333958625793457;0.3055555522441864;1.0;5.141650199890137;0.6150548458099365;NA;NA;NA;NA;NA;NA;NA;NA;NA
17;0.3569958806037903;1.0;0.7255010604858398;0.6256858706474304;2.9335756301879883;0.3374485671520233;1.0;5.141650199890137;0.5992798209190369;NA;NA;NA;NA;NA;NA;NA;NA;NA
18;0.3569958806037903;1.0;0.7170954942703247;0.6284292936325073;2.929372787475586;0.3508230447769165;1.0;5.141650199890137;0.6267147064208984;NA;NA;NA;NA;NA;NA;NA;NA;NA
19;0.36625513434410095;1.0;0.7116726040840149;0.6349450945854187;2.926661729812622;0.34567901492118835;1.0;5.141650199890137;0.5975651741027832;NA;NA;NA;NA;NA;NA;NA;NA;NA
20;0.3858024775981903;1.0;0.7108447551727295;0.6452332139015198;2.9262475967407227;0.3158436119556427;1.0;5.141650199890137;0.6279149055480957;NA;NA;NA;NA;NA;NA;NA;NA;NA
21;0.4166666567325592;1.0;0.6944054961204529;0.6683812737464905;2.918027877807617;0.33127573132514954;1.0;5.141650199890137;0.6162551641464233;NA;NA;NA;NA;NA;NA;NA;NA;NA
22;0.43312758207321167;1.0;0.6966409087181091;0.6757544279098511;2.9191455841064453;0.31069958209991455;1.0;5.141650199890137;0.6066529154777527;NA;NA;NA;NA;NA;NA;NA;NA;NA
23;0.47325101494789124;1.0;0.6776413321495056;0.7001028060913086;2.9096457958221436;0.30349794030189514;1.0;5.141650199890137;0.6136831045150757;NA;NA;NA;NA;NA;NA;NA;NA;NA
24;0.47736626863479614;1.0;0.6777721047401428;0.7040466070175171;2.9097111225128174;0.33847737312316895;1.0;5.141650199890137;0.6169410347938538;NA;NA;NA;NA;NA;NA;NA;NA;NA
25;0.49176955223083496;1.0;0.6659945249557495;0.7115911841392517;2.903822422027588;0.3364197611808777;1.0;5.141650199890137;0.6183128356933594;NA;NA;NA;NA;NA;NA;NA;NA;NA
26;0.5308641791343689;1.0;0.6497169733047485;0.7395403981208801;2.895683526992798;0.3600822985172272;1.0;5.141650199890137;0.6128258109092712;NA;NA;NA;NA;NA;NA;NA;NA;NA
27;0.5534979701042175;1.0;0.6425518989562988;0.7513717412948608;2.8921010494232178;0.3405349850654602;1.0;5.141650199890137;0.6181413531303406;NA;NA;NA;NA;NA;NA;NA;NA;NA
28;0.588477373123169;1.0;0.62221360206604;0.7738339900970459;2.881931781768799;0.32098764181137085;1.0;5.141650199890137;0.6193415522575378;NA;NA;NA;NA;NA;NA;NA;NA;NA
29;0.6121399402618408;1.0;0.608613908290863;0.7856652736663818;2.8751320838928223;0.32407405972480774;1.0;5.141650199890137;0.6097394824028015;NA;NA;NA;NA;NA;NA;NA;NA;NA
30;0.6224279999732971;1.0;0.5978583097457886;0.7969821095466614;2.8697543144226074;0.3230452537536621;1.0;5.141650199890137;0.6138545870780945;NA;NA;NA;NA;NA;NA;NA;NA;NA
31;0.6923868060112;1.0;0.5706586837768555;0.8331618309020996;2.856154441833496;0.33230453729629517;1.0;5.141650199890137;0.6021947860717773;NA;NA;NA;NA;NA;NA;NA;NA;NA
32;0.7222222089767456;1.0;0.5586978793144226;0.8496227860450745;2.8501739501953125;0.31069958209991455;1.0;5.141650199890137;0.6069958806037903;NA;NA;NA;NA;NA;NA;NA;NA;NA
33;0.7654321193695068;1.0;0.5329931378364563;0.8762003183364868;2.8373217582702637;0.35185185074806213;1.0;5.141650199890137;0.5891632437705994;NA;NA;NA;NA;NA;NA;NA;NA;NA
34;0.8106995820999146;1.0;0.5097053647041321;0.8991769552230835;2.8256778717041016;0.33230453729629517;1.0;5.141650199890137;0.6176269054412842;NA;NA;NA;NA;NA;NA;NA;NA;NA
35;0.8117284178733826;1.0;0.49642089009284973;0.9007201790809631;2.819035530090332;0.3446502089500427;1.0;5.141650199890137;0.6093964576721191;NA;NA;NA;NA;NA;NA;NA;NA;NA
36;0.8374485373497009;1.0;0.46168437600135803;0.9166666865348816;2.8016672134399414;0.3096707761287689;1.0;5.141650199890137;0.6143690347671509;NA;NA;NA;NA;NA;NA;NA;NA;NA
37;0.855967104434967;1.0;0.4479439854621887;0.9252400994300842;2.79479718208313;0.31481480598449707;1.0;5.141650199890137;0.6150548458099365;NA;NA;NA;NA;NA;NA;NA;NA;NA
38;0.8713991641998291;1.0;0.4299876391887665;0.9324416518211365;2.7858188152313232;0.33127573132514954;1.0;5.141650199890137;0.608710527420044;NA;NA;NA;NA;NA;NA;NA;NA;NA
39;0.8981481194496155;1.0;0.40749379992485046;0.9477023482322693;2.7745718955993652;0.3189300298690796;1.0;5.141650199890137;0.6176268458366394;NA;NA;NA;NA;NA;NA;NA;NA;NA
40;0.8878600597381592;1.0;0.3913116455078125;0.942558228969574;2.7664809226989746;0.3230452537536621;1.0;5.141650199890137;0.6181412935256958;NA;NA;NA;NA;NA;NA;NA;NA;NA
41;0.9310699701309204;1.0;0.3569576144218445;0.9651920795440674;2.7493038177490234;0.3199588358402252;1.0;5.141650199890137;0.6006515622138977;NA;NA;NA;NA;NA;NA;NA;NA;NA
42;0.9207819104194641;1.0;0.3523043990135193;0.9600479602813721;2.7469773292541504;0.32510289549827576;1.0;5.141650199890137;0.5958505272865295;NA;NA;NA;NA;NA;NA;NA;NA;NA
43;0.9300411343574524;1.0;0.3330783545970917;0.9641631841659546;2.7373642921447754;0.3436214029788971;1.0;5.141650199890137;0.6136831045150757;NA;NA;NA;NA;NA;NA;NA;NA;NA
44;0.9413580298423767;1.0;0.3146976828575134;0.9699931144714355;2.7281739711761475;0.3117283880710602;1.0;5.141650199890137;0.5869341492652893;NA;NA;NA;NA;NA;NA;NA;NA;NA
45;0.9506173133850098;1.0;0.2982775568962097;0.9749656915664673;2.719963788986206;0.298353910446167;1.0;5.141650199890137;0.616769552230835;NA;NA;NA;NA;NA;NA;NA;NA;NA
46;0.9629629850387573;1.0;0.28553062677383423;0.9811385273933411;2.713590383529663;0.29732510447502136;1.0;5.141650199890137;0.6265432238578796;NA;NA;NA;NA;NA;NA;NA;NA;NA
47;0.9567901492118835;1.0;0.26798906922340393;0.9780520796775818;2.704819679260254;0.3446502089500427;1.0;5.141650199890137;0.6092249751091003;NA;NA;NA;NA;NA;NA;NA;NA;NA
48;0.9609053730964661;1.0;0.255845308303833;0.9804526567459106;2.6987476348876953;0.30658435821533203;1.0;5.141650199890137;0.6179698705673218;NA;NA;NA;NA;NA;NA;NA;NA;NA
49;0.9711934328079224;1.0;0.23961004614830017;0.9852537512779236;2.6906301975250244;0.31687241792678833;1.0;5.141650199890137;0.6085391044616699;NA;NA;NA;NA;NA;NA;NA;NA;NA
50;0.9701645970344543;1.0;0.22314737737178802;0.9849109053611755;2.682399034500122;0.3436214029788971;1.0;5.141650199890137;0.6131687164306641;NA;NA;NA;NA;NA;NA;NA;NA;NA
51;0.9783950448036194;1.0;0.20654967427253723;0.9890261292457581;2.674099922180176;0.3127571940422058;1.0;5.141650199890137;0.6262003183364868;NA;NA;NA;NA;NA;NA;NA;NA;NA
52;0.9783950448036194;1.0;0.19108495116233826;0.9890261292457581;2.666367530822754;0.3055555522441864;1.0;5.141650199890137;0.6165980696678162;NA;NA;NA;NA;NA;NA;NA;NA;NA
53;0.9825102686882019;1.0;0.17918449640274048;0.9912551641464233;2.660417318344116;0.327160507440567;1.0;5.141650199890137;0.5955075621604919;NA;NA;NA;NA;NA;NA;NA;NA;NA
54;0.9886831045150757;1.0;0.1724054217338562;0.9941701292991638;2.6570277214050293;0.3302469253540039;1.0;5.141650199890137;0.6160836815834045;NA;NA;NA;NA;NA;NA;NA;NA;NA
55;0.9897119402885437;1.0;0.16098426282405853;0.9948559403419495;2.6513171195983887;0.3364197611808777;1.0;5.141650199890137;0.6102537512779236;NA;NA;NA;NA;NA;NA;NA;NA;NA
56;0.9907407164573669;1.0;0.1502671092748642;0.9953703880310059;2.645958662033081;0.3477366268634796;1.0;5.141650199890137;0.6104252934455872;NA;NA;NA;NA;NA;NA;NA;NA;NA
57;0.9876543283462524;1.0;0.13900935649871826;0.9938271641731262;2.6403298377990723;0.3014403283596039;1.0;5.141650199890137;0.6143689751625061;NA;NA;NA;NA;NA;NA;NA;NA;NA
58;0.9938271641731262;1.0;0.1286807805299759;0.9969135522842407;2.6351654529571533;0.30452674627304077;1.0;5.141650199890137;0.6248285174369812;NA;NA;NA;NA;NA;NA;NA;NA;NA
59;0.9958847761154175;1.0;0.12272700667381287;0.9979423880577087;2.632188558578491;0.34567901492118835;1.0;5.141650199890137;0.6104252934455872;NA;NA;NA;NA;NA;NA;NA;NA;NA
60;0.9938271641731262;1.0;0.11663628369569778;0.9967421293258667;2.629143476486206;0.35288065671920776;1.0;5.141650199890137;0.6320301294326782;NA;NA;NA;NA;NA;NA;NA;NA;NA
61;0.9938271641731262;1.0;0.10848776996135712;0.9969135522842407;2.6250689029693604;0.3086419701576233;1.0;5.141650199890137;0.6116254925727844;NA;NA;NA;NA;NA;NA;NA;NA;NA
62;0.9958847761154175;1.0;0.1020396426320076;0.9979423880577087;2.621845006942749;0.34259259700775146;1.0;5.141650199890137;0.6013374328613281;NA;NA;NA;NA;NA;NA;NA;NA;NA
63;0.9979423880577087;1.0;0.09045436978340149;0.998971164226532;2.6160523891448975;0.3220164477825165;1.0;5.141650199890137;0.604766845703125;NA;NA;NA;NA;NA;NA;NA;NA;NA
64;0.9979423880577087;1.0;0.08400916308164597;0.998971164226532;2.6128296852111816;0.3230452537536621;1.0;5.141650199890137;0.6083676218986511;NA;NA;NA;NA;NA;NA;NA;NA;NA
65;1.0;1.0;0.07741711288690567;1.0;2.6095335483551025;0.3364197611808777;1.0;5.141650199890137;0.6124829053878784;NA;NA;NA;NA;NA;NA;NA;NA;NA
66;0.9979423880577087;1.0;0.07243561744689941;0.998971164226532;2.6070427894592285;0.34156379103660583;1.0;5.141650199890137;0.6102538108825684;NA;NA;NA;NA;NA;NA;NA;NA;NA
67;1.0;1.0;0.06802118569612503;1.0;2.6048357486724854;0.3364197611808777;1.0;5.141650199890137;0.6004801392555237;NA;NA;NA;NA;NA;NA;NA;NA;NA
68;1.0;1.0;0.06373615562915802;1.0;2.6026930809020996;0.33127573132514954;1.0;5.141650199890137;0.6080247163772583;NA;NA;NA;NA;NA;NA;NA;NA;NA
69;0.998971164226532;1.0;0.05766298249363899;0.9994856119155884;2.599656581878662;0.3497942388057709;1.0;5.141650199890137;0.6117969751358032;NA;NA;NA;NA;NA;NA;NA;NA;NA
70;1.0;1.0;0.0531327985227108;1.0;2.5973916053771973;0.33539095520973206;1.0;5.141650199890137;0.6138545870780945;NA;NA;NA;NA;NA;NA;NA;NA;NA
71;1.0;1.0;0.05042149871587753;1.0;2.596035957336426;0.34567901492118835;1.0;5.141650199890137;0.6004800796508789;NA;NA;NA;NA;NA;NA;NA;NA;NA
72;1.0;1.0;0.046513646841049194;1.0;2.5940818786621094;0.32407405972480774;1.0;5.141650199890137;0.6164265871047974;NA;NA;NA;NA;NA;NA;NA;NA;NA
73;1.0;1.0;0.04284204915165901;1.0;2.5922460556030273;0.3333333432674408;1.0;5.141650199890137;0.6155692338943481;NA;NA;NA;NA;NA;NA;NA;NA;NA
74;1.0;1.0;0.03889855742454529;1.0;2.5902743339538574;0.31790122389793396;1.0;5.141650199890137;0.6093963980674744;NA;NA;NA;NA;NA;NA;NA;NA;NA
75;1.0;1.0;0.0364779569208622;1.0;2.589064121246338;0.34567901492118835;1.0;5.141650199890137;0.5896777510643005;NA;NA;NA;NA;NA;NA;NA;NA;NA
76;1.0;1.0;0.03582305461168289;1.0;2.5887365341186523;0.33230453729629517;1.0;5.141650199890137;0.6001372337341309;NA;NA;NA;NA;NA;NA;NA;NA;NA
77;1.0;1.0;0.033835429698228836;1.0;2.587742567062378;0.3220164477825165;1.0;5.141650199890137;0.6100823283195496;NA;NA;NA;NA;NA;NA;NA;NA;NA
78;1.0;1.0;0.030467143282294273;1.0;2.5860586166381836;0.3333333432674408;1.0;5.141650199890137;0.6165980696678162;NA;NA;NA;NA;NA;NA;NA;NA;NA
79;1.0;1.0;0.029851095750927925;1.0;2.5857505798339844;0.3539094626903534;1.0;5.141650199890137;0.6176269054412842;NA;NA;NA;NA;NA;NA;NA;NA;NA
80;1.0;1.0;0.028042377904057503;1.0;2.584846258163452;0.327160507440567;1.0;5.141650199890137;0.6248285174369812;NA;NA;NA;NA;NA;NA;NA;NA;NA
81;1.0;1.0;0.026316039264202118;1.0;2.5839831829071045;0.3158436119556427;1.0;5.141650199890137;0.6042524576187134;NA;NA;NA;NA;NA;NA;NA;NA;NA
82;1.0;1.0;0.024984829127788544;1.0;2.583317518234253;0.3230452537536621;1.0;5.141650199890137;0.604938268661499;NA;NA;NA;NA;NA;NA;NA;NA;NA
83;1.0;1.0;0.023404724895954132;1.0;2.5825273990631104;0.3199588358402252;1.0;5.141650199890137;0.6131687164306641;NA;NA;NA;NA;NA;NA;NA;NA;NA
84;1.0;1.0;0.0221333596855402;1.0;2.5818917751312256;0.3374485671520233;1.0;5.141650199890137;0.6153977513313293;NA;NA;NA;NA;NA;NA;NA;NA;NA
85;1.0;1.0;0.02140519581735134;1.0;2.5815277099609375;0.3199588358402252;1.0;5.141650199890137;0.6085391044616699;NA;NA;NA;NA;NA;NA;NA;NA;NA
86;1.0;1.0;0.02002936601638794;1.0;2.5808398723602295;0.31687241792678833;1.0;5.141650199890137;0.6222565174102783;NA;NA;NA;NA;NA;NA;NA;NA;NA
87;1.0;1.0;0.019456692039966583;1.0;2.5805535316467285;0.33539095520973206;1.0;5.141650199890137;0.5989368557929993;NA;NA;NA;NA;NA;NA;NA;NA;NA
88;1.0;1.0;0.019293872639536858;1.0;2.580471992492676;0.33539095520973206;1.0;5.141650199890137;0.6104252934455872;NA;NA;NA;NA;NA;NA;NA;NA;NA
89;1.0;1.0;0.0182044580578804;1.0;2.579927444458008;0.31790122389793396;1.0;5.141650199890137;0.6143690347671509;NA;NA;NA;NA;NA;NA;NA;NA;NA
90;1.0;1.0;0.018089184537529945;1.0;2.5798697471618652;0.34259259700775146;1.0;5.141650199890137;0.6093963384628296;NA;NA;NA;NA;NA;NA;NA;NA;NA
91;1.0;1.0;0.017669351771473885;1.0;2.5796597003936768;0.33127573132514954;1.0;5.141650199890137;0.625;NA;NA;NA;NA;NA;NA;NA;NA;NA
92;1.0;1.0;0.016055868938565254;1.0;2.578853130340576;0.3395061790943146;1.0;5.141650199890137;0.6145404577255249;NA;NA;NA;NA;NA;NA;NA;NA;NA
93;1.0;1.0;0.016323843970894814;1.0;2.5789871215820312;0.32818931341171265;1.0;5.141650199890137;0.6171124577522278;NA;NA;NA;NA;NA;NA;NA;NA;NA
94;1.0;1.0;0.015983793884515762;1.0;2.5788168907165527;0.3436214029788971;1.0;5.141650199890137;0.5982510447502136;NA;NA;NA;NA;NA;NA;NA;NA;NA
95;1.0;1.0;0.01594722270965576;1.0;2.578798532485962;0.31481480598449707;1.0;5.141650199890137;0.6061385273933411;NA;NA;NA;NA;NA;NA;NA;NA;NA
96;1.0;1.0;0.015194594860076904;1.0;2.5784223079681396;0.33127573132514954;1.0;5.141650199890137;0.6063100695610046;NA;NA;NA;NA;NA;NA;NA;NA;NA
97;1.0;1.0;0.015027225948870182;1.0;2.578338384628296;0.31790122389793396;1.0;5.141650199890137;0.6075102686882019;NA;NA;NA;NA;NA;NA;NA;NA;NA
98;1.0;1.0;0.0148498909547925;1.0;2.578249931335449;0.33847737312316895;1.0;5.141650199890137;0.5876200199127197;NA;NA;NA;NA;NA;NA;NA;NA;NA
99;1.0;1.0;0.014428886584937572;1.0;2.5780396461486816;0.3302469253540039;1.0;5.141650199890137;0.5982510447502136;NA;NA;NA;NA;NA;NA;NA;NA;NA

kge:complex,kge_atom_embedding_size:100,reasoning_depth:1,epochs:100,seed:[0, 1, 2, 3, 4],learning_rate:0.01,runs:5,dataset_name:pharmkg_supersmall_reason_3p,facts_file:facts.txt,train_file:train.txt,valid_file:valid.txt,test_file:test.txt,domain_file:domain2constants.txt,rules_file:rules_amie.txt,rule_miner:amie,modified_dataset:True,test_negatives:None,adaptation_layer:identity,output_layer:dense,ragged:True,num_rules:0,relation_entity_grounder_max_elements:20,debug:False,stop_gradient_on_kge_embeddings:False,loss:binary_crossentropy,hard_rules:False,rule_weight:number,semiring:product,dropout_rate_embedder:0.0,format:functional,grounder:backward_prune_3,num_negatives:1,signed:True,temperature:3.0,use_gumbel:True,aggregation_type:max,filter_num_heads:1,filter_activity_regularization:0.0,weight_loss:0.5,model_name:no_reasoner,batch_size:-1,eval_batch_size:-1,test_batch_size:-1,valid_size:None,valid_negatives:10,valid_frequency:1000,engine_num_negatives:0,engine_num_adaptive_constants:0,constant_embedding_size:200,kge_regularization:0.0,resnet:True,reasoner_depth:1,enabled_reasoner_depth:1,reasoner_regularization_factor:0.0,reasoner_formula_hidden_embedding_size:100,reasoner_dropout_rate:0.0,reasoner_atom_embedding_size:100,create_flat_rule_list:True,run_signature:pharmkg_supersmall_reason_3p_backward_prune_3_complex_no_reasoner_amie_True_100_1_[0, 1, 2, 3, 4]_1_0.5_0.0,valid_acc:[0. 0. 0. 0. 0. 0. 0. 0. 0.],best_val:0.0,test_acc:[0.36711567 0.22006637 0.51416498 0.66385821 0.5830645  0.68709677
 0.58550048 0.51532257 0.56612903],log_filename:results/logpharmkg_supersmall_reason_3p_backward_prune_3_complex_no_reasoner_amie_True_100_1_[0, 1, 2, 3, 4]_1_0.5_0.0_2024-02-13-09-40-28.csv