epoch;concept_hits@1@1;concept_hits@3@3;concept_loss;concept_mrr;loss;task_hits@1@1;task_hits@3@3;task_loss;task_mrr;val_concept_hits@1@1;val_concept_hits@3@3;val_concept_loss;val_concept_mrr;val_loss;val_task_hits@1@1;val_task_hits@3@3;val_task_loss;val_task_mrr
0;0.3278520107269287;1.0;0.7356675863265991;0.6087701320648193;4.413768291473389;0.3371017575263977;1.0;0.7445136904716492;0.6159643530845642;NA;NA;NA;NA;NA;NA;NA;NA;NA
1;0.3288797438144684;1.0;0.7401921153068542;0.6067146062850952;2.790994644165039;0.3288797438144684;1.0;0.7513055801391602;0.6104829907417297;NA;NA;NA;NA;NA;NA;NA;NA;NA
2;0.3381294906139374;1.0;0.7365833520889282;0.614251434803009;2.6829729080200195;0.3309352397918701;1.0;0.74875408411026;0.6125385165214539;NA;NA;NA;NA;NA;NA;NA;NA;NA
3;0.3288797438144684;1.0;0.7391433715820312;0.6085988283157349;2.6501643657684326;0.3340184986591339;1.0;0.7508689761161804;0.6111681461334229;NA;NA;NA;NA;NA;NA;NA;NA;NA
4;0.31140801310539246;1.0;0.7497872114181519;0.5940390825271606;2.693596124649048;0.3247687518596649;1.0;0.7584134936332703;0.6043165326118469;NA;NA;NA;NA;NA;NA;NA;NA;NA
5;0.3124357759952545;1.0;0.7394894957542419;0.5995204448699951;2.7194230556488037;0.3134635090827942;1.0;0.7520401477813721;0.6015758514404297;NA;NA;NA;NA;NA;NA;NA;NA;NA
6;0.3586844801902771;1.0;0.7280799746513367;0.6272696256637573;2.7104034423828125;0.35662898421287537;1.0;0.7465729117393494;0.6264131665229797;NA;NA;NA;NA;NA;NA;NA;NA;NA
7;0.35149022936820984;1.0;0.739925742149353;0.6223021745681763;2.8258140087127686;0.34737923741340637;1.0;0.7587057948112488;0.6216169595718384;NA;NA;NA;NA;NA;NA;NA;NA;NA
8;0.34224048256874084;1.0;0.7417086362838745;0.6175060272216797;3.068293333053589;0.35046249628067017;1.0;0.7583357095718384;0.6228160262107849;NA;NA;NA;NA;NA;NA;NA;NA;NA
9;0.3288797438144684;1.0;0.732172429561615;0.6060293912887573;3.2671730518341064;0.32990750670433044;1.0;0.751728355884552;0.6084275245666504;NA;NA;NA;NA;NA;NA;NA;NA;NA
10;0.32065775990486145;1.0;0.7517625689506531;0.5983213782310486;3.422335624694824;0.3227132558822632;1.0;0.7674646973609924;0.601061999797821;NA;NA;NA;NA;NA;NA;NA;NA;NA
11;0.3648509681224823;1.0;0.7327601313591003;0.630181610584259;3.475180149078369;0.35046249628067017;1.0;0.7558622360229492;0.6195615530014038;NA;NA;NA;NA;NA;NA;NA;NA;NA
12;0.3586844801902771;1.0;0.7218848466873169;0.6318944692611694;3.6729283332824707;0.3586844801902771;1.0;0.7482560276985168;0.6298390030860901;NA;NA;NA;NA;NA;NA;NA;NA;NA
13;0.3278520107269287;1.0;0.7411276698112488;0.6062007546424866;3.793041706085205;0.3371017575263977;1.0;0.7636808156967163;0.613223671913147;NA;NA;NA;NA;NA;NA;NA;NA;NA
14;0.3442959785461426;1.0;0.7368682622909546;0.61562180519104;3.7877683639526367;0.36073997616767883;1.0;0.7604593634605408;0.6281260848045349;NA;NA;NA;NA;NA;NA;NA;NA;NA
15;0.3792394697666168;1.0;0.7100292444229126;0.6404589414596558;3.8346614837646484;0.3648509681224823;1.0;0.7444581985473633;0.6351489424705505;NA;NA;NA;NA;NA;NA;NA;NA;NA
16;0.3463515043258667;1.0;0.7199315428733826;0.6229873299598694;3.978445053100586;0.35662898421287537;1.0;0.7458915114402771;0.6303529143333435;NA;NA;NA;NA;NA;NA;NA;NA;NA
17;0.3771839737892151;1.0;0.7116460204124451;0.6404590010643005;4.077110290527344;0.3977389633655548;1.0;0.7458136081695557;0.6512503623962402;NA;NA;NA;NA;NA;NA;NA;NA;NA
18;0.37204521894454956;1.0;0.7120770812034607;0.6358340978622437;4.14779806137085;0.36896196007728577;1.0;0.7508044242858887;0.6336073279380798;NA;NA;NA;NA;NA;NA;NA;NA;NA
19;0.3802672028541565;1.0;0.7086600661277771;0.646282970905304;4.21294641494751;0.3710174858570099;1.0;0.747928261756897;0.6404590606689453;NA;NA;NA;NA;NA;NA;NA;NA;NA
20;0.4080164432525635;1.0;0.7127193212509155;0.6601575016975403;4.216579914093018;0.38746145367622375;1.0;0.752514660358429;0.645940363407135;NA;NA;NA;NA;NA;NA;NA;NA;NA
21;0.4162384271621704;1.0;0.6887917518615723;0.6675231456756592;4.2319183349609375;0.3915724456310272;1.0;0.7378801703453064;0.6510791182518005;NA;NA;NA;NA;NA;NA;NA;NA;NA
22;0.41109970211982727;1.0;0.6974741220474243;0.6575881838798523;4.306277275085449;0.41829392313957214;1.0;0.7405800819396973;0.6593011021614075;NA;NA;NA;NA;NA;NA;NA;NA;NA
23;0.4409044086933136;1.0;0.6939890384674072;0.6822541952133179;4.2681474685668945;0.41829392313957214;1.0;0.7392432689666748;0.6671805381774902;NA;NA;NA;NA;NA;NA;NA;NA;NA
24;0.4563206434249878;1.0;0.6745662689208984;0.6920177340507507;4.286651611328125;0.4501541554927826;1.0;0.7239928245544434;0.686536431312561;NA;NA;NA;NA;NA;NA;NA;NA;NA
25;0.4655703902244568;1.0;0.667514979839325;0.6973278522491455;4.283531188964844;0.43576568365097046;1.0;0.7284383177757263;0.6779718399047852;NA;NA;NA;NA;NA;NA;NA;NA;NA
26;0.5046248435974121;1.0;0.658540666103363;0.7194244861602783;4.307471752166748;0.49331963062286377;1.0;0.7171891331672668;0.714285671710968;NA;NA;NA;NA;NA;NA;NA;NA;NA
27;0.5375128388404846;1.0;0.6424810886383057;0.7404932379722595;4.29502534866333;0.5025693774223328;1.0;0.7074635028839111;0.719938337802887;NA;NA;NA;NA;NA;NA;NA;NA;NA
28;0.5847893357276917;1.0;0.6195681691169739;0.769441545009613;4.274665832519531;0.567317545413971;1.0;0.6914528608322144;0.7567660212516785;NA;NA;NA;NA;NA;NA;NA;NA;NA
29;0.6002055406570435;1.0;0.6163823008537292;0.779033899307251;4.2692365646362305;0.5981500744819641;1.0;0.685188353061676;0.7752653956413269;NA;NA;NA;NA;NA;NA;NA;NA;NA
30;0.6485097408294678;1.0;0.5955469012260437;0.8038711547851562;4.2874274253845215;0.6402877569198608;1.0;0.6711791157722473;0.7973620891571045;NA;NA;NA;NA;NA;NA;NA;NA;NA
31;0.6628982424736023;1.0;0.5873677134513855;0.8170605897903442;4.277464866638184;0.6711202263832092;1.0;0.6597763895988464;0.8192873597145081;NA;NA;NA;NA;NA;NA;NA;NA;NA
32;0.6988694667816162;1.0;0.5625878572463989;0.8355600833892822;4.255600929260254;0.7101747393608093;1.0;0.6383993625640869;0.8413839936256409;NA;NA;NA;NA;NA;NA;NA;NA;NA
33;0.7327852249145508;1.0;0.5495511889457703;0.856286346912384;4.246489524841309;0.7245631814002991;1.0;0.6343339085578918;0.8530318737030029;NA;NA;NA;NA;NA;NA;NA;NA;NA
34;0.760534405708313;1.0;0.5275408625602722;0.8699896931648254;4.222395420074463;0.7482014298439026;1.0;0.6126633882522583;0.8646796345710754;NA;NA;NA;NA;NA;NA;NA;NA;NA
35;0.798561155796051;1.0;0.5053787231445312;0.8926001787185669;4.203524112701416;0.7810894250869751;1.0;0.6052218079566956;0.8821513652801514;NA;NA;NA;NA;NA;NA;NA;NA;NA
36;0.844809889793396;1.0;0.47410356998443604;0.9167523384094238;4.16933536529541;0.817060649394989;1.0;0.5821681022644043;0.9033915996551514;NA;NA;NA;NA;NA;NA;NA;NA;NA
37;0.8293936252593994;1.0;0.45984289050102234;0.9109283685684204;4.15422248840332;0.8088386654853821;1.0;0.5761426687240601;0.9001369476318359;NA;NA;NA;NA;NA;NA;NA;NA;NA
38;0.8663926124572754;1.0;0.4342314898967743;0.9301130175590515;4.127861022949219;0.8530318737030029;1.0;0.5565344095230103;0.9237752556800842;NA;NA;NA;NA;NA;NA;NA;NA;NA
39;0.8992805480957031;1.0;0.40580105781555176;0.9477560520172119;4.098012924194336;0.8807811141014099;1.0;0.5408963561058044;0.937992513179779;NA;NA;NA;NA;NA;NA;NA;NA;NA
40;0.9085302948951721;1.0;0.38511043787002563;0.9523809552192688;4.068273544311523;0.9064748287200928;1.0;0.5221272706985474;0.951353132724762;NA;NA;NA;NA;NA;NA;NA;NA;NA
41;0.9136690497398376;1.0;0.3682590425014496;0.9558067917823792;4.051177024841309;0.8910585641860962;1.0;0.5225124955177307;0.9439876675605774;NA;NA;NA;NA;NA;NA;NA;NA;NA
42;0.9301130771636963;1.0;0.34089311957359314;0.9642000794410706;4.010770797729492;0.9146968126296997;1.0;0.5008753538131714;0.9558067917823792;NA;NA;NA;NA;NA;NA;NA;NA;NA
43;0.9362795352935791;1.0;0.32798638939857483;0.9664268493652344;3.9839229583740234;0.9270297884941101;1.0;0.5005179047584534;0.9623158574104309;NA;NA;NA;NA;NA;NA;NA;NA;NA
44;0.9414182901382446;1.0;0.31032294034957886;0.9701952934265137;3.93945050239563;0.9301130771636963;1.0;0.4950968623161316;0.9643713235855103;NA;NA;NA;NA;NA;NA;NA;NA;NA
45;0.9527235627174377;1.0;0.28929218649864197;0.9756765961647034;3.8789076805114746;0.9383350610733032;1.0;0.493355393409729;0.9684823751449585;NA;NA;NA;NA;NA;NA;NA;NA;NA
46;0.9681397676467896;1.0;0.2654537260532379;0.9835560321807861;3.781104326248169;0.9547790288925171;1.0;0.4938717782497406;0.9768756628036499;NA;NA;NA;NA;NA;NA;NA;NA;NA
47;0.9660843014717102;1.0;0.2635113000869751;0.9826995134353638;3.68405818939209;0.9434738159179688;1.0;0.5227267146110535;0.9720795154571533;NA;NA;NA;NA;NA;NA;NA;NA;NA
48;0.9671120047569275;1.0;0.25124430656433105;0.9828708171844482;3.5786378383636475;0.9414182901382446;1.0;0.5554361343383789;0.9700239896774292;NA;NA;NA;NA;NA;NA;NA;NA;NA
49;0.9701952934265137;1.0;0.2383829653263092;0.9849263429641724;3.448709726333618;0.9516957998275757;1.0;0.5869471430778503;0.9748201370239258;NA;NA;NA;NA;NA;NA;NA;NA;NA
50;0.9701952934265137;1.0;0.2360297441482544;0.9850976467132568;3.315497875213623;0.9434738159179688;1.0;0.6374368071556091;0.9719082117080688;NA;NA;NA;NA;NA;NA;NA;NA;NA
51;0.9784172773361206;1.0;0.23161523044109344;0.9888660907745361;3.1722731590270996;0.9516957998275757;1.0;0.6872073411941528;0.9758478999137878;NA;NA;NA;NA;NA;NA;NA;NA;NA
52;0.9804727435112;1.0;0.23681767284870148;0.9900651574134827;2.9878783226013184;0.9403905272483826;1.0;0.7525299787521362;0.9693388342857361;NA;NA;NA;NA;NA;NA;NA;NA;NA
53;0.981500506401062;1.0;0.25232061743736267;0.9904077053070068;2.8466415405273438;0.9311407804489136;1.0;0.8273892402648926;0.9636862277984619;NA;NA;NA;NA;NA;NA;NA;NA;NA
54;0.9856114983558655;1.0;0.25450822710990906;0.9926344156265259;2.6648693084716797;0.9455292820930481;1.0;0.9004731774330139;0.9720794558525085;NA;NA;NA;NA;NA;NA;NA;NA;NA
55;0.9856114983558655;1.0;0.2760848104953766;0.9926344156265259;2.5177180767059326;0.9188078045845032;1.0;0.9973031878471375;0.9602603316307068;NA;NA;NA;NA;NA;NA;NA;NA;NA
56;0.9835560321807861;1.0;0.29298585653305054;0.9916067123413086;2.3392698764801025;0.9157245755195618;1.0;1.1005748510360718;0.9558067321777344;NA;NA;NA;NA;NA;NA;NA;NA;NA
57;0.9835560321807861;1.0;0.3317125141620636;0.9914354681968689;2.2043280601501465;0.9013360738754272;1.0;1.226459264755249;0.9482699036598206;NA;NA;NA;NA;NA;NA;NA;NA;NA
58;0.990750253200531;1.0;0.3532000780105591;0.9952037930488586;2.0616345405578613;0.8869475722312927;1.0;1.337000846862793;0.9378211498260498;NA;NA;NA;NA;NA;NA;NA;NA;NA
59;0.9825282692909241;1.0;0.3835037052631378;0.9909214973449707;1.9628362655639648;0.8633093237876892;1.0;1.447066307067871;0.9290853142738342;NA;NA;NA;NA;NA;NA;NA;NA;NA
60;0.9763617515563965;1.0;0.42358624935150146;0.9880095720291138;1.879747986793518;0.8838643431663513;1.0;1.5526764392852783;0.9398766756057739;NA;NA;NA;NA;NA;NA;NA;NA;NA
61;0.9794450402259827;1.0;0.4555326998233795;0.9893798828125;1.8105275630950928;0.8478931188583374;1.0;1.650194525718689;0.9206920862197876;NA;NA;NA;NA;NA;NA;NA;NA;NA
62;0.9671120047569275;1.0;0.4935954809188843;0.9833847284317017;1.7815407514572144;0.8191161155700684;1.0;1.7661974430084229;0.902877688407898;NA;NA;NA;NA;NA;NA;NA;NA;NA
63;0.9609455466270447;1.0;0.5188673138618469;0.9799588918685913;1.7618074417114258;0.8335046172142029;1.0;1.8383457660675049;0.9109283089637756;NA;NA;NA;NA;NA;NA;NA;NA;NA
64;0.9588900208473206;1.0;0.5430460572242737;0.9789311289787292;1.7666656970977783;0.817060649394989;1.0;1.9108047485351562;0.9045906066894531;NA;NA;NA;NA;NA;NA;NA;NA;NA
65;0.9465570449829102;1.0;0.5517930388450623;0.9719081521034241;1.7654615640640259;0.798561155796051;1.0;1.9508075714111328;0.8915724754333496;NA;NA;NA;NA;NA;NA;NA;NA;NA
66;0.9393628239631653;1.0;0.5712519288063049;0.9688249230384827;1.774721384048462;0.7995889186859131;1.0;1.9856975078582764;0.8919150233268738;NA;NA;NA;NA;NA;NA;NA;NA;NA
67;0.9486125111579895;1.0;0.5511393547058105;0.9737923741340637;1.746960163116455;0.8016443848609924;1.0;1.981223225593567;0.8949982523918152;NA;NA;NA;NA;NA;NA;NA;NA;NA
68;0.9403905272483826;1.0;0.548331618309021;0.9688249230384827;1.743333101272583;0.7862281799316406;1.0;1.9803285598754883;0.88437819480896;NA;NA;NA;NA;NA;NA;NA;NA;NA
69;0.9321685433387756;1.0;0.5372289419174194;0.9650565385818481;1.7278133630752563;0.7595067024230957;1.0;1.9792141914367676;0.8730729818344116;NA;NA;NA;NA;NA;NA;NA;NA;NA
70;0.9475848078727722;1.0;0.5131133198738098;0.972593367099762;1.7103729248046875;0.8047276735305786;1.0;1.9596058130264282;0.8967112302780151;NA;NA;NA;NA;NA;NA;NA;NA;NA
71;0.9414182901382446;1.0;0.4953404664993286;0.9698526859283447;1.6965711116790771;0.7810894250869751;1.0;1.9298312664031982;0.8836930990219116;NA;NA;NA;NA;NA;NA;NA;NA;NA
72;0.9599177837371826;1.0;0.47282400727272034;0.979102373123169;1.680755853652954;0.769784152507782;1.0;1.8870213031768799;0.8756423592567444;NA;NA;NA;NA;NA;NA;NA;NA;NA
73;0.9506680369377136;1.0;0.4508700668811798;0.9741349816322327;1.6687018871307373;0.7862281799316406;1.0;1.8424921035766602;0.8860911726951599;NA;NA;NA;NA;NA;NA;NA;NA;NA
74;0.9599177837371826;1.0;0.42663371562957764;0.9792736768722534;1.6563279628753662;0.816032886505127;1.0;1.7918757200241089;0.8994518518447876;NA;NA;NA;NA;NA;NA;NA;NA;NA
75;0.9599177837371826;1.0;0.39879482984542847;0.9794450402259827;1.6610512733459473;0.7831448912620544;1.0;1.761172890663147;0.8845494389533997;NA;NA;NA;NA;NA;NA;NA;NA;NA
76;0.9681397676467896;1.0;0.3871939778327942;0.9832133650779724;1.66317880153656;0.7965056300163269;1.0;1.7374248504638672;0.8890030384063721;NA;NA;NA;NA;NA;NA;NA;NA;NA
77;0.9660843014717102;1.0;0.37833142280578613;0.9821856617927551;1.6483018398284912;0.8036999106407166;1.0;1.7304611206054688;0.8953408002853394;NA;NA;NA;NA;NA;NA;NA;NA;NA
78;0.9660843014717102;1.0;0.3596276640892029;0.9825282692909241;1.6702474355697632;0.8036999106407166;1.0;1.7556582689285278;0.892257571220398;NA;NA;NA;NA;NA;NA;NA;NA;NA
79;0.9691675305366516;1.0;0.3374427556991577;0.9842411279678345;1.6323117017745972;0.8088386654853821;1.0;1.7269798517227173;0.8985953330993652;NA;NA;NA;NA;NA;NA;NA;NA;NA
80;0.9732785224914551;1.0;0.32884374260902405;0.9861254096031189;1.6309678554534912;0.7995889186859131;1.0;1.710253119468689;0.8931140899658203;NA;NA;NA;NA;NA;NA;NA;NA;NA
81;0.9640287756919861;1.0;0.3207019865512848;0.981500506401062;1.6247248649597168;0.8119218945503235;1.0;1.7085567712783813;0.8975676894187927;NA;NA;NA;NA;NA;NA;NA;NA;NA
82;0.972250759601593;1.0;0.30693745613098145;0.9854402542114258;1.622666835784912;0.826310396194458;1.0;1.7035847902297974;0.9073312282562256;NA;NA;NA;NA;NA;NA;NA;NA;NA
83;0.9691675305366516;1.0;0.3075597584247589;0.9840698838233948;1.6282572746276855;0.789311408996582;1.0;1.7202143669128418;0.8895169496536255;NA;NA;NA;NA;NA;NA;NA;NA;NA
84;0.972250759601593;1.0;0.3016263246536255;0.9854402542114258;1.6263759136199951;0.8293936252593994;1.0;1.7117531299591064;0.907845139503479;NA;NA;NA;NA;NA;NA;NA;NA;NA
85;0.9743062853813171;1.0;0.2927190065383911;0.9866392612457275;1.6173553466796875;0.789311408996582;1.0;1.720490574836731;0.8871188163757324;NA;NA;NA;NA;NA;NA;NA;NA;NA
86;0.971222996711731;1.0;0.2980894446372986;0.9847550392150879;1.6082898378372192;0.8047276735305786;1.0;1.724852204322815;0.8951695561408997;NA;NA;NA;NA;NA;NA;NA;NA;NA
87;0.9773895144462585;1.0;0.2973628044128418;0.9881808757781982;1.6047744750976562;0.8139773607254028;1.0;1.732310175895691;0.8999657034873962;NA;NA;NA;NA;NA;NA;NA;NA;NA
88;0.972250759601593;1.0;0.3011825978755951;0.9857827425003052;1.5917408466339111;0.7934224009513855;1.0;1.722496747970581;0.8891743421554565;NA;NA;NA;NA;NA;NA;NA;NA;NA
89;0.9701952934265137;1.0;0.29313644766807556;0.984412431716919;1.583341360092163;0.7995889186859131;1.0;1.721587896347046;0.8939706087112427;NA;NA;NA;NA;NA;NA;NA;NA;NA
90;0.9784172773361206;1.0;0.29615819454193115;0.9886947870254517;1.5759708881378174;0.7872558832168579;1.0;1.7127083539962769;0.8867762684822083;NA;NA;NA;NA;NA;NA;NA;NA;NA
91;0.9743062853813171;1.0;0.299755722284317;0.9866392612457275;1.5712939500808716;0.797533392906189;1.0;1.7069705724716187;0.8937991857528687;NA;NA;NA;NA;NA;NA;NA;NA;NA
92;0.9743062853813171;1.0;0.2969405949115753;0.9864679574966431;1.5661303997039795;0.797533392906189;1.0;1.7010705471038818;0.88968825340271;NA;NA;NA;NA;NA;NA;NA;NA;NA
93;0.9804727435112;1.0;0.2922278940677643;0.9895511865615845;1.5679899454116821;0.8036999106407166;1.0;1.6933717727661133;0.893627941608429;NA;NA;NA;NA;NA;NA;NA;NA;NA
94;0.9743062853813171;1.0;0.2918616533279419;0.9866392612457275;1.5645623207092285;0.8006166219711304;1.0;1.6902755498886108;0.8941418528556824;NA;NA;NA;NA;NA;NA;NA;NA;NA
95;0.9753340482711792;1.0;0.2979144752025604;0.9869818091392517;1.5625910758972168;0.8036999106407166;1.0;1.6853623390197754;0.8955122232437134;NA;NA;NA;NA;NA;NA;NA;NA;NA
96;0.972250759601593;1.0;0.302639365196228;0.9854402542114258;1.5659558773040771;0.806783139705658;1.0;1.6828844547271729;0.8958547115325928;NA;NA;NA;NA;NA;NA;NA;NA;NA
97;0.9753340482711792;1.0;0.29476410150527954;0.9868105053901672;1.5645782947540283;0.8026721477508545;1.0;1.6705175638198853;0.8968824744224548;NA;NA;NA;NA;NA;NA;NA;NA;NA
98;0.9804727435112;1.0;0.2938488721847534;0.9895511865615845;1.557350516319275;0.789311408996582;1.0;1.6727312803268433;0.8886604309082031;NA;NA;NA;NA;NA;NA;NA;NA;NA
99;0.9784172773361206;1.0;0.2933031916618347;0.9883521199226379;1.5536301136016846;0.8139773607254028;1.0;1.6645116806030273;0.8999657034873962;NA;NA;NA;NA;NA;NA;NA;NA;NA
0;0.32374101877212524;1.0;0.7394399046897888;0.6048304438591003;4.415029048919678;0.3309352397918701;1.0;0.7432630062103271;0.6133950352668762;NA;NA;NA;NA;NA;NA;NA;NA;NA
1;0.3401849865913391;1.0;0.7313627600669861;0.6152791380882263;2.7483818531036377;0.3432682454586029;1.0;0.7442224621772766;0.6209318041801453;NA;NA;NA;NA;NA;NA;NA;NA;NA
2;0.3432682454586029;1.0;0.7422720193862915;0.6123672127723694;2.5144662857055664;0.3535457253456116;1.0;0.7526360750198364;0.6219595074653625;NA;NA;NA;NA;NA;NA;NA;NA;NA
3;0.3401849865913391;1.0;0.7324281930923462;0.6133949756622314;2.438267707824707;0.3319630026817322;1.0;0.7496111989021301;0.6121959090232849;NA;NA;NA;NA;NA;NA;NA;NA;NA
4;0.3340184986591339;1.0;0.7321682572364807;0.61031174659729;2.3695831298828125;0.3288797438144684;1.0;0.7519204616546631;0.6080849170684814;NA;NA;NA;NA;NA;NA;NA;NA;NA
5;0.3525179922580719;1.0;0.7312079668045044;0.6241863965988159;2.506765127182007;0.34840700030326843;1.0;0.7507931590080261;0.6235012412071228;NA;NA;NA;NA;NA;NA;NA;NA;NA
6;0.3556012213230133;1.0;0.7422943711280823;0.6212743520736694;2.515199661254883;0.34121274948120117;1.0;0.7578138113021851;0.6159643530845642;NA;NA;NA;NA;NA;NA;NA;NA;NA
7;0.3309352397918701;1.0;0.7336646318435669;0.6116820573806763;2.6108083724975586;0.3381294906139374;1.0;0.7517150044441223;0.6144227981567383;NA;NA;NA;NA;NA;NA;NA;NA;NA
8;0.3401849865913391;1.0;0.7350545525550842;0.6144227385520935;2.8198060989379883;0.3401849865913391;1.0;0.754156768321991;0.6171634197235107;NA;NA;NA;NA;NA;NA;NA;NA;NA
9;0.33607399463653564;1.0;0.7451028823852539;0.6084275245666504;2.964893341064453;0.3381294906139374;1.0;0.7595744132995605;0.6116820573806763;NA;NA;NA;NA;NA;NA;NA;NA;NA
10;0.3278520107269287;1.0;0.7367469072341919;0.6082562804222107;2.9574403762817383;0.34121274948120117;1.0;0.7553758025169373;0.6183624267578125;NA;NA;NA;NA;NA;NA;NA;NA;NA
11;0.34224048256874084;1.0;0.7289289236068726;0.6164782643318176;3.055490016937256;0.34532374143600464;1.0;0.7542049884796143;0.6192188858985901;NA;NA;NA;NA;NA;NA;NA;NA;NA
12;0.34532374143600464;1.0;0.7326048612594604;0.6183624267578125;3.162814140319824;0.3401849865913391;1.0;0.7604820728302002;0.6151078939437866;NA;NA;NA;NA;NA;NA;NA;NA;NA
13;0.33915725350379944;1.0;0.7365037202835083;0.6130524277687073;3.1977596282958984;0.3432682454586029;1.0;0.7602745890617371;0.6180199384689331;NA;NA;NA;NA;NA;NA;NA;NA;NA
14;0.3442959785461426;1.0;0.7366394996643066;0.6190475821495056;3.2675766944885254;0.36690646409988403;1.0;0.7635893821716309;0.6327508091926575;NA;NA;NA;NA;NA;NA;NA;NA;NA
15;0.35662898421287537;1.0;0.7310890555381775;0.6241863369941711;3.4360506534576416;0.3556012213230133;1.0;0.7611211538314819;0.624871551990509;NA;NA;NA;NA;NA;NA;NA;NA;NA
16;0.34737923741340637;1.0;0.7210424542427063;0.6229872703552246;3.532529830932617;0.34532374143600464;1.0;0.7590920925140381;0.6211031675338745;NA;NA;NA;NA;NA;NA;NA;NA;NA
17;0.41212743520736694;1.0;0.7095540165901184;0.6594724059104919;3.625251531600952;0.40390545129776;1.0;0.7497467398643494;0.6562178730964661;NA;NA;NA;NA;NA;NA;NA;NA;NA
18;0.385405957698822;1.0;0.7076451182365417;0.6452552080154419;3.758725881576538;0.3977389633655548;1.0;0.7438969612121582;0.6527920365333557;NA;NA;NA;NA;NA;NA;NA;NA;NA
19;0.3926002085208893;1.0;0.7062081694602966;0.6514217257499695;3.7912464141845703;0.4100719392299652;1.0;0.741457998752594;0.6635833978652954;NA;NA;NA;NA;NA;NA;NA;NA;NA
20;0.40287768840789795;1.0;0.7057883739471436;0.6581020951271057;3.898102283477783;0.3977389633655548;1.0;0.7478970289230347;0.6541624069213867;NA;NA;NA;NA;NA;NA;NA;NA;NA
21;0.43679341673851013;1.0;0.6820963025093079;0.680027425289154;4.0167622566223145;0.43062692880630493;1.0;0.7350145578384399;0.6786569952964783;NA;NA;NA;NA;NA;NA;NA;NA;NA
22;0.45426514744758606;1.0;0.6805394887924194;0.690818727016449;4.186731338500977;0.4398766756057739;1.0;0.7285178899765015;0.6837958097457886;NA;NA;NA;NA;NA;NA;NA;NA;NA
23;0.4316546618938446;1.0;0.6803956627845764;0.6795135140419006;4.188609600067139;0.43062692880630493;1.0;0.7320687174797058;0.6769441366195679;NA;NA;NA;NA;NA;NA;NA;NA;NA
24;0.48509764671325684;1.0;0.6702901721000671;0.7062349915504456;4.179927825927734;0.4768756330013275;1.0;0.7276902198791504;0.7012674808502197;NA;NA;NA;NA;NA;NA;NA;NA;NA
25;0.49743062257766724;1.0;0.659562885761261;0.7173689007759094;4.20242977142334;0.48509764671325684;1.0;0.7153046727180481;0.7079479098320007;NA;NA;NA;NA;NA;NA;NA;NA;NA
26;0.5035971403121948;1.0;0.6548289060592651;0.7228502631187439;4.233346939086914;0.4984583854675293;1.0;0.7116459012031555;0.718567967414856;NA;NA;NA;NA;NA;NA;NA;NA;NA
27;0.5251798629760742;1.0;0.6449679136276245;0.7360396981239319;4.295506954193115;0.5005138516426086;1.0;0.7083441615104675;0.7247345447540283;NA;NA;NA;NA;NA;NA;NA;NA;NA
28;0.6228160262107849;1.0;0.6065714955329895;0.7908530235290527;4.296328544616699;0.6002055406570435;1.0;0.6813153624534607;0.7780060768127441;NA;NA;NA;NA;NA;NA;NA;NA;NA
29;0.6474820375442505;1.0;0.5947505831718445;0.8088386654853821;4.28962516784668;0.6084275245666504;1.0;0.679760217666626;0.7853716611862183;NA;NA;NA;NA;NA;NA;NA;NA;NA
30;0.6896197199821472;1.0;0.5694044232368469;0.8297361731529236;4.261962413787842;0.6957862377166748;1.0;0.6490057706832886;0.8328195214271545;NA;NA;NA;NA;NA;NA;NA;NA;NA
31;0.6855087280273438;1.0;0.5649312734603882;0.8319630026817322;4.259171485900879;0.6742035150527954;1.0;0.6490631699562073;0.8245974779129028;NA;NA;NA;NA;NA;NA;NA;NA;NA
32;0.7307296991348267;1.0;0.5466029047966003;0.8557725548744202;4.237509727478027;0.7327852249145508;1.0;0.6267496943473816;0.8581706285476685;NA;NA;NA;NA;NA;NA;NA;NA;NA
33;0.7728674411773682;1.0;0.528117835521698;0.8788968920707703;4.216688632965088;0.769784152507782;1.0;0.6138827800750732;0.8778691291809082;NA;NA;NA;NA;NA;NA;NA;NA;NA
34;0.8016443848609924;1.0;0.4990968406200409;0.8961972594261169;4.185451507568359;0.7995889186859131;1.0;0.5939376354217529;0.8943130970001221;NA;NA;NA;NA;NA;NA;NA;NA;NA
35;0.8396711349487305;1.0;0.479751855134964;0.9152106642723083;4.162383079528809;0.835560142993927;1.0;0.5834134817123413;0.9133264422416687;NA;NA;NA;NA;NA;NA;NA;NA;NA
36;0.8509763479232788;1.0;0.4619201719760895;0.9210346341133118;4.1419453620910645;0.8273381590843201;1.0;0.5761744976043701;0.90921550989151;NA;NA;NA;NA;NA;NA;NA;NA;NA
37;0.8396711349487305;1.0;0.44500187039375305;0.9169235825538635;4.118453025817871;0.8406988978385925;1.0;0.5645583868026733;0.9174374341964722;NA;NA;NA;NA;NA;NA;NA;NA;NA
38;0.8807811141014099;1.0;0.4195215404033661;0.9371359944343567;4.08631706237793;0.8735868334770203;1.0;0.5451376438140869;0.9335388541221619;NA;NA;NA;NA;NA;NA;NA;NA;NA
39;0.9013360738754272;1.0;0.39095836877822876;0.948783814907074;4.047453880310059;0.8879753351211548;1.0;0.5320556163787842;0.9426172971725464;NA;NA;NA;NA;NA;NA;NA;NA;NA
40;0.9116135835647583;1.0;0.3659609258174896;0.9546077251434326;4.012664318084717;0.9085302948951721;1.0;0.5226888656616211;0.9534086585044861;NA;NA;NA;NA;NA;NA;NA;NA;NA
41;0.9136690497398376;1.0;0.3541194498538971;0.9559780359268188;3.9783716201782227;0.9054470658302307;1.0;0.5188779234886169;0.9511818885803223;NA;NA;NA;NA;NA;NA;NA;NA;NA
42;0.9177800416946411;1.0;0.34203165769577026;0.9578622579574585;3.9224038124084473;0.9075025916099548;1.0;0.520494818687439;0.9527235627174377;NA;NA;NA;NA;NA;NA;NA;NA;NA
43;0.9342240691184998;1.0;0.3260999023914337;0.9669407606124878;3.834716320037842;0.9290853142738342;1.0;0.5301199555397034;0.9635149240493774;NA;NA;NA;NA;NA;NA;NA;NA;NA
44;0.9506680369377136;1.0;0.31161513924598694;0.9749913811683655;3.7158737182617188;0.9424460530281067;1.0;0.5426244735717773;0.9707091450691223;NA;NA;NA;NA;NA;NA;NA;NA;NA
45;0.9475848078727722;1.0;0.3038965165615082;0.9734497666358948;3.5845022201538086;0.9362795352935791;1.0;0.5719276666641235;0.9674546718597412;NA;NA;NA;NA;NA;NA;NA;NA;NA
46;0.9558067917823792;1.0;0.2952212691307068;0.9773895144462585;3.447213649749756;0.9403905272483826;1.0;0.6169013381004333;0.9703665971755981;NA;NA;NA;NA;NA;NA;NA;NA;NA
47;0.9640287756919861;1.0;0.289232075214386;0.9816718101501465;3.297043800354004;0.9393628239631653;1.0;0.6601279377937317;0.9677971601486206;NA;NA;NA;NA;NA;NA;NA;NA;NA
48;0.9547790288925171;1.0;0.29225510358810425;0.9770469665527344;3.15058970451355;0.9270297884941101;1.0;0.7311343550682068;0.963001012802124;NA;NA;NA;NA;NA;NA;NA;NA;NA
49;0.9701952934265137;1.0;0.30358535051345825;0.9845836758613586;3.0116920471191406;0.9424460530281067;1.0;0.8045616149902344;0.9693387746810913;NA;NA;NA;NA;NA;NA;NA;NA;NA
50;0.971222996711731;1.0;0.31453394889831543;0.9852688908576965;2.8649024963378906;0.935251772403717;1.0;0.8823807239532471;0.9655703902244568;NA;NA;NA;NA;NA;NA;NA;NA;NA
51;0.9763617515563965;1.0;0.32383596897125244;0.9878383278846741;2.7076780796051025;0.9208633303642273;1.0;0.9650618433952332;0.9580335021018982;NA;NA;NA;NA;NA;NA;NA;NA;NA
52;0.9701952934265137;1.0;0.35665789246559143;0.9845837354660034;2.5572619438171387;0.9095580577850342;1.0;1.0572900772094727;0.9508392810821533;NA;NA;NA;NA;NA;NA;NA;NA;NA
53;0.9732785224914551;1.0;0.3803768754005432;0.9862966537475586;2.408480405807495;0.8941418528556824;1.0;1.1417040824890137;0.9457005262374878;NA;NA;NA;NA;NA;NA;NA;NA;NA
54;0.9804727435112;1.0;0.40520939230918884;0.9900650978088379;2.2984225749969482;0.8992805480957031;1.0;1.2369964122772217;0.9489551186561584;NA;NA;NA;NA;NA;NA;NA;NA;NA
55;0.9671120047569275;1.0;0.45475155115127563;0.9832133650779724;2.2223551273345947;0.8879753351211548;1.0;1.3411777019500732;0.9422747492790222;NA;NA;NA;NA;NA;NA;NA;NA;NA
56;0.9660843014717102;1.0;0.4858504831790924;0.9828708171844482;2.1334428787231445;0.8653648495674133;1.0;1.4327082633972168;0.9306269288063049;NA;NA;NA;NA;NA;NA;NA;NA;NA
57;0.9660843014717102;1.0;0.5155069231987;0.9825282692909241;2.0664615631103516;0.8787255883216858;1.0;1.530045747756958;0.9373072981834412;NA;NA;NA;NA;NA;NA;NA;NA;NA
58;0.9527235627174377;1.0;0.5458415150642395;0.9758478999137878;2.012054443359375;0.8602260947227478;1.0;1.6164655685424805;0.926344633102417;NA;NA;NA;NA;NA;NA;NA;NA;NA
59;0.9383350610733032;1.0;0.5639065504074097;0.9686536192893982;1.942370057106018;0.8633093237876892;1.0;1.6971153020858765;0.9285714030265808;NA;NA;NA;NA;NA;NA;NA;NA;NA
60;0.9342240691184998;1.0;0.5854066610336304;0.9664269089698792;1.9078683853149414;0.8314491510391235;1.0;1.8015403747558594;0.9128126502037048;NA;NA;NA;NA;NA;NA;NA;NA;NA
61;0.9290853142738342;1.0;0.6049067974090576;0.9636862277984619;1.8757277727127075;0.8242548704147339;1.0;1.8720656633377075;0.9095580577850342;NA;NA;NA;NA;NA;NA;NA;NA;NA
62;0.9249743223190308;1.0;0.5999834537506104;0.9611167907714844;1.859034776687622;0.8365878462791443;1.0;1.932701826095581;0.9140115976333618;NA;NA;NA;NA;NA;NA;NA;NA;NA
63;0.9188078045845032;1.0;0.5879250764846802;0.9580335021018982;1.862248182296753;0.780061662197113;1.0;1.966386079788208;0.8838642835617065;NA;NA;NA;NA;NA;NA;NA;NA;NA
64;0.9373072981834412;1.0;0.5774434804916382;0.9684823155403137;1.849618911743164;0.8139773607254028;1.0;1.9778354167938232;0.9009935259819031;NA;NA;NA;NA;NA;NA;NA;NA;NA
65;0.935251772403717;1.0;0.5590716004371643;0.9659129977226257;1.8436905145645142;0.8283658623695374;1.0;1.979782223701477;0.9122986793518066;NA;NA;NA;NA;NA;NA;NA;NA;NA
66;0.9249743223190308;1.0;0.5417861342430115;0.9616307020187378;1.8287798166275024;0.8335046172142029;1.0;1.973390817642212;0.9134976863861084;NA;NA;NA;NA;NA;NA;NA;NA;NA
67;0.9424460530281067;1.0;0.5110616087913513;0.9705379009246826;1.8006095886230469;0.8098663687705994;1.0;1.9532054662704468;0.9001370668411255;NA;NA;NA;NA;NA;NA;NA;NA;NA
68;0.9527235627174377;1.0;0.48530182242393494;0.9756765961647034;1.7772977352142334;0.8098663687705994;1.0;1.9269739389419556;0.8996231555938721;NA;NA;NA;NA;NA;NA;NA;NA;NA
69;0.9516957998275757;1.0;0.4515905976295471;0.9749914407730103;1.7448127269744873;0.8098663687705994;1.0;1.8923553228378296;0.9008222222328186;NA;NA;NA;NA;NA;NA;NA;NA;NA
70;0.9434738159179688;1.0;0.4444099962711334;0.970880389213562;1.7584508657455444;0.8304213881492615;1.0;1.8761663436889648;0.9109283685684204;NA;NA;NA;NA;NA;NA;NA;NA;NA
71;0.9558067917823792;1.0;0.41063791513442993;0.9773895144462585;1.7476129531860352;0.8437821269035339;1.0;1.836909294128418;0.9179512858390808;NA;NA;NA;NA;NA;NA;NA;NA;NA
72;0.963001012802124;1.0;0.38884812593460083;0.9811579585075378;1.7380859851837158;0.8335046172142029;1.0;1.8079601526260376;0.9119561314582825;NA;NA;NA;NA;NA;NA;NA;NA;NA
73;0.961973249912262;1.0;0.37606486678123474;0.9808153510093689;1.728925108909607;0.8098663687705994;1.0;1.7729606628417969;0.9004795551300049;NA;NA;NA;NA;NA;NA;NA;NA;NA
74;0.9784172773361206;1.0;0.3504197597503662;0.9886947870254517;1.6987824440002441;0.8417266011238098;1.0;1.7207883596420288;0.9148681163787842;NA;NA;NA;NA;NA;NA;NA;NA;NA
75;0.9650565385818481;1.0;0.339851051568985;0.9821856617927551;1.6912791728973389;0.8396711349487305;1.0;1.7010692358016968;0.9152106046676636;NA;NA;NA;NA;NA;NA;NA;NA;NA
76;0.972250759601593;1.0;0.33687669038772583;0.98578280210495;1.6786185503005981;0.8561151027679443;1.0;1.6877305507659912;0.9244604110717773;NA;NA;NA;NA;NA;NA;NA;NA;NA
77;0.9691675305366516;1.0;0.3243810534477234;0.984412431716919;1.6702953577041626;0.8437821269035339;1.0;1.6637139320373535;0.9198355674743652;NA;NA;NA;NA;NA;NA;NA;NA;NA
78;0.9732785224914551;1.0;0.3211502730846405;0.9862966537475586;1.6640615463256836;0.8612538576126099;1.0;1.671068549156189;0.9258306622505188;NA;NA;NA;NA;NA;NA;NA;NA;NA
79;0.9691675305366516;1.0;0.30778181552886963;0.9842411279678345;1.6584364175796509;0.8591983318328857;1.0;1.657556176185608;0.9256594181060791;NA;NA;NA;NA;NA;NA;NA;NA;NA
80;0.9743062853813171;1.0;0.30888378620147705;0.9866392612457275;1.6464580297470093;0.844809889793396;1.0;1.6698853969573975;0.9177799820899963;NA;NA;NA;NA;NA;NA;NA;NA;NA
81;0.9743062853813171;1.0;0.3080006539821625;0.9866392612457275;1.6368517875671387;0.844809889793396;1.0;1.6854708194732666;0.9186364412307739;NA;NA;NA;NA;NA;NA;NA;NA;NA
82;0.9825282692909241;1.0;0.31076666712760925;0.9909214973449707;1.6297214031219482;0.8591983318328857;1.0;1.69627845287323;0.9229187369346619;NA;NA;NA;NA;NA;NA;NA;NA;NA
83;0.9794450402259827;1.0;0.31315550208091736;0.9893798828125;1.6283156871795654;0.8365878462791443;1.0;1.703275203704834;0.9124699831008911;NA;NA;NA;NA;NA;NA;NA;NA;NA
84;0.9856114983558655;1.0;0.3103770911693573;0.9924631714820862;1.6163567304611206;0.8756423592567444;1.0;1.6969186067581177;0.9362795352935791;NA;NA;NA;NA;NA;NA;NA;NA;NA
85;0.981500506401062;1.0;0.31063976883888245;0.9904077053070068;1.6090657711029053;0.8591983318328857;1.0;1.6983232498168945;0.926344633102417;NA;NA;NA;NA;NA;NA;NA;NA;NA
86;0.9732785224914551;1.0;0.3124186396598816;0.9864679574966431;1.5971214771270752;0.8684480786323547;1.0;1.696373701095581;0.9318259358406067;NA;NA;NA;NA;NA;NA;NA;NA;NA
87;0.9876670241355896;1.0;0.30082330107688904;0.9934909343719482;1.5915513038635254;0.8735868334770203;1.0;1.6792690753936768;0.9337100982666016;NA;NA;NA;NA;NA;NA;NA;NA;NA
88;0.9835560321807861;1.0;0.30474308133125305;0.9914354085922241;1.5880954265594482;0.8653648495674133;1.0;1.6746397018432617;0.9270297884941101;NA;NA;NA;NA;NA;NA;NA;NA;NA
89;0.981500506401062;1.0;0.3050822615623474;0.9904077053070068;1.5840306282043457;0.8684480786323547;1.0;1.659390926361084;0.9314833879470825;NA;NA;NA;NA;NA;NA;NA;NA;NA
90;0.9763617515563965;1.0;0.31141382455825806;0.9880095720291138;1.5825862884521484;0.8715313673019409;1.0;1.649928331375122;0.9328538179397583;NA;NA;NA;NA;NA;NA;NA;NA;NA
91;0.981500506401062;1.0;0.30233895778656006;0.9904076457023621;1.5713908672332764;0.8807811141014099;1.0;1.6312562227249146;0.9376498460769653;NA;NA;NA;NA;NA;NA;NA;NA;NA
92;0.9794450402259827;1.0;0.29617586731910706;0.9895511865615845;1.5654888153076172;0.8776978254318237;1.0;1.6199415922164917;0.9343953132629395;NA;NA;NA;NA;NA;NA;NA;NA;NA
93;0.9794450402259827;1.0;0.2960166335105896;0.9893799424171448;1.565338134765625;0.8694758415222168;1.0;1.6130276918411255;0.9297704100608826;NA;NA;NA;NA;NA;NA;NA;NA;NA
94;0.9845837354660034;1.0;0.2990665137767792;0.9919492602348328;1.5574965476989746;0.8838643431663513;1.0;1.611204981803894;0.9390201568603516;NA;NA;NA;NA;NA;NA;NA;NA;NA
95;0.9804727435112;1.0;0.28714224696159363;0.9900650978088379;1.5534507036209106;0.8766701221466064;1.0;1.608070969581604;0.9350804686546326;NA;NA;NA;NA;NA;NA;NA;NA;NA
96;0.9845837354660034;1.0;0.28686800599098206;0.9919492602348328;1.5544673204421997;0.854059636592865;1.0;1.591783046722412;0.9249743223190308;NA;NA;NA;NA;NA;NA;NA;NA;NA
97;0.9856114983558655;1.0;0.2838674783706665;0.9924631714820862;1.5547568798065186;0.8797533512115479;1.0;1.5981264114379883;0.9383350610733032;NA;NA;NA;NA;NA;NA;NA;NA;NA
98;0.9825282692909241;1.0;0.28230443596839905;0.990750253200531;1.5495994091033936;0.8633093237876892;1.0;1.5991461277008057;0.9290853142738342;NA;NA;NA;NA;NA;NA;NA;NA;NA
99;0.9794450402259827;1.0;0.27055519819259644;0.9893799424171448;1.5431172847747803;0.8571428656578064;1.0;1.5870152711868286;0.9242891073226929;NA;NA;NA;NA;NA;NA;NA;NA;NA
0;0.35149022936820984;1.0;0.7323703765869141;0.6233298778533936;4.412099361419678;0.35457348823547363;1.0;0.7444729804992676;0.6262418627738953;NA;NA;NA;NA;NA;NA;NA;NA;NA
1;0.3525179922580719;1.0;0.7335787415504456;0.6217882037162781;2.8546252250671387;0.34737923741340637;1.0;0.7464658617973328;0.6202466487884521;NA;NA;NA;NA;NA;NA;NA;NA;NA
2;0.32065775990486145;1.0;0.7350459694862366;0.6032887697219849;2.577251672744751;0.3216855227947235;1.0;0.7469431757926941;0.6051729917526245;NA;NA;NA;NA;NA;NA;NA;NA;NA
3;0.32065775990486145;1.0;0.7431273460388184;0.6015758514404297;2.516613721847534;0.32374101877212524;1.0;0.7566697001457214;0.6032887697219849;NA;NA;NA;NA;NA;NA;NA;NA;NA
4;0.34224048256874084;1.0;0.7365054488182068;0.6188762784004211;2.4761581420898438;0.34224048256874084;1.0;0.7518853545188904;0.6188762784004211;NA;NA;NA;NA;NA;NA;NA;NA;NA
5;0.31757450103759766;1.0;0.745847225189209;0.6031174659729004;2.519605875015259;0.32065775990486145;1.0;0.760776937007904;0.6043165326118469;NA;NA;NA;NA;NA;NA;NA;NA;NA
6;0.3319630026817322;1.0;0.7385770082473755;0.609283983707428;2.6498053073883057;0.32682424783706665;1.0;0.7522092461585999;0.6096265912055969;NA;NA;NA;NA;NA;NA;NA;NA;NA
7;0.33607399463653564;1.0;0.7333835363388062;0.6142514944076538;2.78491473197937;0.33607399463653564;1.0;0.7517704367637634;0.6140801906585693;NA;NA;NA;NA;NA;NA;NA;NA;NA
8;0.3216855227947235;1.0;0.7362103462219238;0.6070572137832642;2.924013614654541;0.31757450103759766;1.0;0.751340925693512;0.6029461622238159;NA;NA;NA;NA;NA;NA;NA;NA;NA
9;0.3442959785461426;1.0;0.7259103059768677;0.6209317445755005;3.090336561203003;0.3381294906139374;1.0;0.7497620582580566;0.6161355972290039;NA;NA;NA;NA;NA;NA;NA;NA;NA
10;0.385405957698822;1.0;0.716647207736969;0.6435422897338867;3.2886128425598145;0.3926002085208893;1.0;0.7416910529136658;0.6491948962211609;NA;NA;NA;NA;NA;NA;NA;NA;NA
11;0.3381294906139374;1.0;0.7281606793403625;0.6156217455863953;3.43489670753479;0.33915725350379944;1.0;0.7475816607475281;0.6152791380882263;NA;NA;NA;NA;NA;NA;NA;NA;NA
12;0.35662898421287537;1.0;0.7273992300033569;0.6276122331619263;3.572164535522461;0.3494347333908081;1.0;0.7484446167945862;0.6253854036331177;NA;NA;NA;NA;NA;NA;NA;NA;NA
13;0.3823226988315582;1.0;0.7168503403663635;0.6426858305931091;3.668825149536133;0.3987666964530945;1.0;0.7461656928062439;0.6522781252861023;NA;NA;NA;NA;NA;NA;NA;NA;NA
14;0.34224048256874084;1.0;0.7347084879875183;0.6139088869094849;3.8918495178222656;0.34737923741340637;1.0;0.7624058127403259;0.6183624863624573;NA;NA;NA;NA;NA;NA;NA;NA;NA
15;0.34224048256874084;1.0;0.726368248462677;0.6171634197235107;4.022246837615967;0.3494347333908081;1.0;0.7548428177833557;0.6243576407432556;NA;NA;NA;NA;NA;NA;NA;NA;NA
16;0.36587873101234436;1.0;0.7212488055229187;0.6276122331619263;4.0509114265441895;0.35971224308013916;1.0;0.7498528957366943;0.6260706186294556;NA;NA;NA;NA;NA;NA;NA;NA;NA
17;0.3833504617214203;1.0;0.7070815563201904;0.645940363407135;4.142116546630859;0.394655704498291;1.0;0.7403296232223511;0.6507365107536316;NA;NA;NA;NA;NA;NA;NA;NA;NA
18;0.3648509681224823;1.0;0.7137932777404785;0.6368619203567505;4.150116443634033;0.3617677390575409;1.0;0.751083254814148;0.6336073875427246;NA;NA;NA;NA;NA;NA;NA;NA;NA
19;0.41829392313957214;1.0;0.6951158046722412;0.6664953231811523;4.234203338623047;0.4193216860294342;1.0;0.7305858731269836;0.664097249507904;NA;NA;NA;NA;NA;NA;NA;NA;NA
20;0.40596094727516174;1.0;0.7011139988899231;0.6601575016975403;4.2751569747924805;0.41521069407463074;1.0;0.7368953227996826;0.6663240790367126;NA;NA;NA;NA;NA;NA;NA;NA;NA
21;0.42137718200683594;1.0;0.6952475905418396;0.6692360043525696;4.234455108642578;0.43268242478370667;1.0;0.7333829998970032;0.6742034554481506;NA;NA;NA;NA;NA;NA;NA;NA;NA
22;0.44501543045043945;1.0;0.6809592843055725;0.682939350605011;4.3261284828186035;0.4552929103374481;1.0;0.722662627696991;0.6933881044387817;NA;NA;NA;NA;NA;NA;NA;NA;NA
23;0.5015416145324707;1.0;0.6686910390853882;0.7146282196044922;4.3139543533325195;0.4892086386680603;1.0;0.7123450636863708;0.7098320722579956;NA;NA;NA;NA;NA;NA;NA;NA;NA
24;0.4768756330013275;1.0;0.6596789956092834;0.7053784728050232;4.307169437408447;0.49640288949012756;1.0;0.7075114846229553;0.7194244861602783;NA;NA;NA;NA;NA;NA;NA;NA;NA
25;0.49743062257766724;1.0;0.6445860266685486;0.7190818190574646;4.3281941413879395;0.5077081322669983;1.0;0.6982367038726807;0.7245631217956543;NA;NA;NA;NA;NA;NA;NA;NA;NA
26;0.5519013404846191;1.0;0.6383016705513;0.7502568960189819;4.3242645263671875;0.549845814704895;1.0;0.6948840022087097;0.7490578889846802;NA;NA;NA;NA;NA;NA;NA;NA;NA
27;0.5858170390129089;1.0;0.6285151839256287;0.7675573229789734;4.314685821533203;0.5858170390129089;1.0;0.6881365776062012;0.768071174621582;NA;NA;NA;NA;NA;NA;NA;NA;NA
28;0.6269270181655884;1.0;0.6036897897720337;0.7934224009513855;4.292838096618652;0.6207605600357056;1.0;0.6721217632293701;0.7925658822059631;NA;NA;NA;NA;NA;NA;NA;NA;NA
29;0.651593029499054;1.0;0.5933866500854492;0.8083247542381287;4.281844139099121;0.6454265117645264;1.0;0.6611438989639282;0.806440532207489;NA;NA;NA;NA;NA;NA;NA;NA;NA
30;0.6875642538070679;1.0;0.5722220540046692;0.8321342468261719;4.258874893188477;0.6998972296714783;1.0;0.6411443948745728;0.8379582762718201;NA;NA;NA;NA;NA;NA;NA;NA;NA
31;0.7122302055358887;1.0;0.5572085976600647;0.8458375930786133;4.244298934936523;0.7276464700698853;1.0;0.6298446655273438;0.8557724952697754;NA;NA;NA;NA;NA;NA;NA;NA;NA
32;0.7070914506912231;1.0;0.551181972026825;0.8430969715118408;4.2402729988098145;0.7050359845161438;1.0;0.6354765892028809;0.8415553569793701;NA;NA;NA;NA;NA;NA;NA;NA;NA
33;0.7595067024230957;1.0;0.5169631242752075;0.8734155893325806;4.2048540115356445;0.7667009234428406;1.0;0.6061609983444214;0.8785543441772461;NA;NA;NA;NA;NA;NA;NA;NA;NA
34;0.798561155796051;1.0;0.4965229332447052;0.8948270082473755;4.185760021209717;0.8006166219711304;1.0;0.5938746929168701;0.8956834673881531;NA;NA;NA;NA;NA;NA;NA;NA;NA
35;0.8478931188583374;1.0;0.46914106607437134;0.9196643233299255;4.160091876983643;0.8201438784599304;1.0;0.5833932757377625;0.9051045179367065;NA;NA;NA;NA;NA;NA;NA;NA;NA
36;0.8489208817481995;1.0;0.4534198045730591;0.9206920266151428;4.139504909515381;0.8427543640136719;1.0;0.5686748027801514;0.9188078045845032;NA;NA;NA;NA;NA;NA;NA;NA;NA
37;0.8561151027679443;1.0;0.4332544803619385;0.9253169298171997;4.11700963973999;0.854059636592865;1.0;0.557714581489563;0.9251455664634705;NA;NA;NA;NA;NA;NA;NA;NA;NA
38;0.8776978254318237;1.0;0.4095557928085327;0.9364507794380188;4.088205814361572;0.8653648495674133;1.0;0.5481770038604736;0.930284321308136;NA;NA;NA;NA;NA;NA;NA;NA;NA
39;0.8838643431663513;1.0;0.3922078013420105;0.9403905272483826;4.05886697769165;0.8818088173866272;1.0;0.5373004078865051;0.9395341277122498;NA;NA;NA;NA;NA;NA;NA;NA;NA
40;0.9075025916099548;1.0;0.36817747354507446;0.9523809552192688;4.021270751953125;0.9033915996551514;1.0;0.5212457776069641;0.9506680369377136;NA;NA;NA;NA;NA;NA;NA;NA;NA
41;0.9054470658302307;1.0;0.35237085819244385;0.9520383477210999;3.993772506713867;0.8900308609008789;1.0;0.5212421417236328;0.9439876675605774;NA;NA;NA;NA;NA;NA;NA;NA;NA
42;0.9301130771636963;1.0;0.3323308229446411;0.9645426273345947;3.9620933532714844;0.9054470658302307;1.0;0.5113095641136169;0.9522096514701843;NA;NA;NA;NA;NA;NA;NA;NA;NA
43;0.9403905272483826;1.0;0.3094070553779602;0.9698526859283447;3.923518657684326;0.9177800416946411;1.0;0.5033430457115173;0.9585474729537964;NA;NA;NA;NA;NA;NA;NA;NA;NA
44;0.9331963062286377;1.0;0.3003317713737488;0.9653991460800171;3.8888356685638428;0.9280575513839722;1.0;0.5053603053092957;0.9631723165512085;NA;NA;NA;NA;NA;NA;NA;NA;NA
45;0.9506680369377136;1.0;0.28754428029060364;0.9753340482711792;3.8315589427948;0.9290853142738342;1.0;0.5137099623680115;0.9643713235855103;NA;NA;NA;NA;NA;NA;NA;NA;NA
46;0.9599177837371826;1.0;0.27545782923698425;0.9796163439750671;3.7552638053894043;0.9362795352935791;1.0;0.5222011208534241;0.9679684638977051;NA;NA;NA;NA;NA;NA;NA;NA;NA
47;0.9558067917823792;1.0;0.2759021520614624;0.9773895144462585;3.6638059616088867;0.9455292820930481;1.0;0.5509911775588989;0.9724220037460327;NA;NA;NA;NA;NA;NA;NA;NA;NA
48;0.9558067917823792;1.0;0.2715199291706085;0.9773895144462585;3.5396888256073;0.9455292820930481;1.0;0.5905656814575195;0.9724220037460327;NA;NA;NA;NA;NA;NA;NA;NA;NA
49;0.9599177837371826;1.0;0.25966835021972656;0.9796162843704224;3.3948967456817627;0.9403905272483826;1.0;0.6383679509162903;0.9698526263237;NA;NA;NA;NA;NA;NA;NA;NA;NA
50;0.9660843014717102;1.0;0.26947569847106934;0.9830421209335327;3.253913164138794;0.935251772403717;1.0;0.7087359428405762;0.967283308506012;NA;NA;NA;NA;NA;NA;NA;NA;NA
51;0.9773895144462585;1.0;0.27052542567253113;0.9885234236717224;3.116933822631836;0.9393628239631653;1.0;0.7815478444099426;0.9689962267875671;NA;NA;NA;NA;NA;NA;NA;NA;NA
52;0.972250759601593;1.0;0.28629693388938904;0.9859541654586792;2.971432685852051;0.9373072981834412;1.0;0.8441954851150513;0.9679685235023499;NA;NA;NA;NA;NA;NA;NA;NA;NA
53;0.9691675305366516;1.0;0.30759453773498535;0.9845837354660034;2.8428592681884766;0.9373072981834412;1.0;0.9256857633590698;0.9677971601486206;NA;NA;NA;NA;NA;NA;NA;NA;NA
54;0.9732785224914551;1.0;0.3296785354614258;0.9866392612457275;2.728332996368408;0.9229187965393066;1.0;1.018265724182129;0.9587187767028809;NA;NA;NA;NA;NA;NA;NA;NA;NA
55;0.9753340482711792;1.0;0.35661259293556213;0.9876670241355896;2.6039299964904785;0.9044193029403687;1.0;1.1207294464111328;0.948441207408905;NA;NA;NA;NA;NA;NA;NA;NA;NA
56;0.9773895144462585;1.0;0.39260315895080566;0.9886947870254517;2.46712589263916;0.8972250819206238;1.0;1.2244044542312622;0.9453579783439636;NA;NA;NA;NA;NA;NA;NA;NA;NA
57;0.9701952934265137;1.0;0.4293994605541229;0.9850976467132568;2.3299574851989746;0.8859198093414307;1.0;1.3454736471176147;0.9378211498260498;NA;NA;NA;NA;NA;NA;NA;NA;NA
58;0.9763617515563965;1.0;0.4586970806121826;0.9880095720291138;2.2063040733337402;0.8807811141014099;1.0;1.4701972007751465;0.9371359944343567;NA;NA;NA;NA;NA;NA;NA;NA;NA
59;0.9681397676467896;1.0;0.4914911687374115;0.9840698838233948;2.130004405975342;0.8643370866775513;1.0;1.6394752264022827;0.9299417734146118;NA;NA;NA;NA;NA;NA;NA;NA;NA
60;0.9465570449829102;1.0;0.5250843167304993;0.9729359745979309;2.0882480144500732;0.8468653559684753;1.0;1.7468266487121582;0.9184651970863342;NA;NA;NA;NA;NA;NA;NA;NA;NA
61;0.9486125111579895;1.0;0.5445592403411865;0.9743062853813171;2.0338966846466064;0.8036999106407166;1.0;1.8414521217346191;0.8989379405975342;NA;NA;NA;NA;NA;NA;NA;NA;NA
62;0.9342240691184998;1.0;0.5613000392913818;0.9671120047569275;1.9903931617736816;0.779033899307251;1.0;1.9081459045410156;0.8806097507476807;NA;NA;NA;NA;NA;NA;NA;NA;NA
63;0.9373072981834412;1.0;0.5728223323822021;0.968311071395874;1.9550178050994873;0.7667009234428406;1.0;1.965688705444336;0.8742719888687134;NA;NA;NA;NA;NA;NA;NA;NA;NA
64;0.9362795352935791;1.0;0.5646525025367737;0.9677971601486206;1.922981858253479;0.769784152507782;1.0;1.9884804487228394;0.8775264620780945;NA;NA;NA;NA;NA;NA;NA;NA;NA
65;0.9239465594291687;1.0;0.5645028352737427;0.9616307020187378;1.8865283727645874;0.751284658908844;1.0;2.025365114212036;0.8660500645637512;NA;NA;NA;NA;NA;NA;NA;NA;NA
66;0.9239465594291687;1.0;0.5625367760658264;0.9614593982696533;1.860220193862915;0.7379239201545715;1.0;2.049412488937378;0.8597122430801392;NA;NA;NA;NA;NA;NA;NA;NA;NA
67;0.9290853142738342;1.0;0.5345238447189331;0.9640287756919861;1.8464289903640747;0.7307296991348267;1.0;2.042968511581421;0.8545734882354736;NA;NA;NA;NA;NA;NA;NA;NA;NA
68;0.9424460530281067;1.0;0.5264816284179688;0.9710516929626465;1.8388258218765259;0.7410072088241577;1.0;2.0573277473449707;0.8574854135513306;NA;NA;NA;NA;NA;NA;NA;NA;NA
69;0.9403905272483826;1.0;0.5020173192024231;0.9695100784301758;1.8019063472747803;0.7440904378890991;1.0;2.0374042987823486;0.8617677092552185;NA;NA;NA;NA;NA;NA;NA;NA;NA
70;0.9568345546722412;1.0;0.4718245267868042;0.9782460331916809;1.7814260721206665;0.7348406910896301;1.0;2.0085861682891846;0.8544021248817444;NA;NA;NA;NA;NA;NA;NA;NA;NA
71;0.9516957998275757;1.0;0.4633500277996063;0.9753340482711792;1.7853288650512695;0.7451182007789612;1.0;2.002500057220459;0.8598834872245789;NA;NA;NA;NA;NA;NA;NA;NA;NA
72;0.9691675305366516;1.0;0.4267254173755646;0.984412431716919;1.7459278106689453;0.7923946380615234;1.0;1.966692328453064;0.885405957698822;NA;NA;NA;NA;NA;NA;NA;NA;NA
73;0.9486125111579895;1.0;0.41166868805885315;0.9737923741340637;1.7306815385818481;0.7718396782875061;1.0;1.943132996559143;0.8770126104354858;NA;NA;NA;NA;NA;NA;NA;NA;NA
74;0.9609455466270447;1.0;0.39210718870162964;0.9797875881195068;1.726356029510498;0.7728674411773682;1.0;1.94211745262146;0.8773552179336548;NA;NA;NA;NA;NA;NA;NA;NA;NA
75;0.9578622579574585;1.0;0.37685146927833557;0.9785885810852051;1.7260278463363647;0.7821171879768372;1.0;1.9056715965270996;0.8824939727783203;NA;NA;NA;NA;NA;NA;NA;NA;NA
76;0.9650565385818481;1.0;0.3587355613708496;0.9821857213973999;1.7101918458938599;0.7780061960220337;1.0;1.873673915863037;0.8790680766105652;NA;NA;NA;NA;NA;NA;NA;NA;NA
77;0.9691675305366516;1.0;0.34565383195877075;0.9844124913215637;1.708677887916565;0.7965056300163269;1.0;1.8424230813980103;0.8907159566879272;NA;NA;NA;NA;NA;NA;NA;NA;NA
78;0.972250759601593;1.0;0.3375793993473053;0.9852688908576965;1.6954264640808105;0.7821171879768372;1.0;1.8287827968597412;0.883007824420929;NA;NA;NA;NA;NA;NA;NA;NA;NA
79;0.9691675305366516;1.0;0.3267253339290619;0.9837272763252258;1.7002196311950684;0.7841726541519165;1.0;1.8063678741455078;0.8833504915237427;NA;NA;NA;NA;NA;NA;NA;NA;NA
80;0.9681397676467896;1.0;0.32190051674842834;0.9837273359298706;1.6855419874191284;0.8139773607254028;1.0;1.782462239265442;0.8982528448104858;NA;NA;NA;NA;NA;NA;NA;NA;NA
81;0.972250759601593;1.0;0.31148406863212585;0.9854402542114258;1.6662511825561523;0.8098663687705994;1.0;1.7758142948150635;0.897567629814148;NA;NA;NA;NA;NA;NA;NA;NA;NA
82;0.971222996711731;1.0;0.3025182783603668;0.9849264025688171;1.6512413024902344;0.780061662197113;1.0;1.7656480073928833;0.8811237215995789;NA;NA;NA;NA;NA;NA;NA;NA;NA
83;0.9743062853813171;1.0;0.31559666991233826;0.9866392612457275;1.6426807641983032;0.7759506702423096;1.0;1.765708088874817;0.8780403137207031;NA;NA;NA;NA;NA;NA;NA;NA;NA
84;0.9773895144462585;1.0;0.31364867091178894;0.9881808757781982;1.639653205871582;0.798561155796051;1.0;1.7808526754379272;0.8898594975471497;NA;NA;NA;NA;NA;NA;NA;NA;NA
85;0.9784172773361206;1.0;0.3178664445877075;0.9885234832763672;1.6317620277404785;0.7965056300163269;1.0;1.780732274055481;0.8879753351211548;NA;NA;NA;NA;NA;NA;NA;NA;NA
86;0.972250759601593;1.0;0.30377787351608276;0.9857827425003052;1.6260192394256592;0.8057553768157959;1.0;1.7540124654769897;0.8961973190307617;NA;NA;NA;NA;NA;NA;NA;NA;NA
87;0.9732785224914551;1.0;0.31500786542892456;0.9862966537475586;1.6176226139068604;0.8036999106407166;1.0;1.769209384918213;0.8917437195777893;NA;NA;NA;NA;NA;NA;NA;NA;NA
88;0.9743062853813171;1.0;0.3122485876083374;0.9868105053901672;1.6139506101608276;0.7995889186859131;1.0;1.7568678855895996;0.8931140303611755;NA;NA;NA;NA;NA;NA;NA;NA;NA
89;0.971222996711731;1.0;0.3135800063610077;0.9850976467132568;1.6060595512390137;0.7934224009513855;1.0;1.7516014575958252;0.8848921060562134;NA;NA;NA;NA;NA;NA;NA;NA;NA
90;0.972250759601593;1.0;0.3134816288948059;0.9852689504623413;1.5949832201004028;0.8047276735305786;1.0;1.7287602424621582;0.8931140899658203;NA;NA;NA;NA;NA;NA;NA;NA;NA
91;0.9804727435112;1.0;0.3074802756309509;0.9900650978088379;1.5933597087860107;0.8119218945503235;1.0;1.7383122444152832;0.8961973190307617;NA;NA;NA;NA;NA;NA;NA;NA;NA
92;0.9794450402259827;1.0;0.3076830506324768;0.9893798828125;1.5852549076080322;0.8180884122848511;1.0;1.7161359786987305;0.9033915996551514;NA;NA;NA;NA;NA;NA;NA;NA;NA
93;0.9763617515563965;1.0;0.3083798587322235;0.9876670241355896;1.5920722484588623;0.7913669347763062;1.0;1.7194583415985107;0.8862624168395996;NA;NA;NA;NA;NA;NA;NA;NA;NA
94;0.9763617515563965;1.0;0.3046485483646393;0.9880096316337585;1.576524019241333;0.8304213881492615;1.0;1.7033419609069824;0.9095580577850342;NA;NA;NA;NA;NA;NA;NA;NA;NA
95;0.9701952934265137;1.0;0.3023914694786072;0.9847550988197327;1.5822972059249878;0.8119218945503235;1.0;1.7042324542999268;0.8958547115325928;NA;NA;NA;NA;NA;NA;NA;NA;NA
96;0.9794450402259827;1.0;0.29182252287864685;0.9893799424171448;1.5714257955551147;0.8150051236152649;1.0;1.6848546266555786;0.8982528448104858;NA;NA;NA;NA;NA;NA;NA;NA;NA
97;0.9866392612457275;1.0;0.29889997839927673;0.9928057789802551;1.5749986171722412;0.7954779267311096;1.0;1.6955281496047974;0.8900308609008789;NA;NA;NA;NA;NA;NA;NA;NA;NA
98;0.9835560321807861;1.0;0.29303762316703796;0.9914354085922241;1.569340705871582;0.7903391718864441;1.0;1.699377179145813;0.885405957698822;NA;NA;NA;NA;NA;NA;NA;NA;NA
99;0.9825282692909241;1.0;0.28594040870666504;0.990750253200531;1.5577603578567505;0.80781090259552;1.0;1.6840487718582153;0.8958547115325928;NA;NA;NA;NA;NA;NA;NA;NA;NA
0;0.3288797438144684;1.0;0.7285003066062927;0.6108256578445435;4.409188270568848;0.33504626154899597;1.0;0.7425211668014526;0.6163069605827332;NA;NA;NA;NA;NA;NA;NA;NA;NA
1;0.3124357759952545;1.0;0.7408078908920288;0.5969510674476624;3.0336570739746094;0.31449127197265625;1.0;0.7505280375480652;0.6029461622238159;NA;NA;NA;NA;NA;NA;NA;NA;NA
2;0.3288797438144684;1.0;0.7340645790100098;0.6121959090232849;2.889969825744629;0.32374101877212524;1.0;0.7488604187965393;0.6121959686279297;NA;NA;NA;NA;NA;NA;NA;NA;NA
3;0.33607399463653564;1.0;0.7343664765357971;0.613223671913147;2.923530101776123;0.32374101877212524;1.0;0.7475230693817139;0.60671466588974;NA;NA;NA;NA;NA;NA;NA;NA;NA
4;0.32065775990486145;1.0;0.7354115843772888;0.60500168800354;2.92525053024292;0.32065775990486145;1.0;0.7513265609741211;0.6036314368247986;NA;NA;NA;NA;NA;NA;NA;NA;NA
5;0.34224048256874084;1.0;0.7298424243927002;0.6157931089401245;2.953845262527466;0.35149022936820984;1.0;0.7454895973205566;0.6221309304237366;NA;NA;NA;NA;NA;NA;NA;NA;NA
6;0.3278520107269287;1.0;0.7353359460830688;0.6084275841712952;3.0965523719787598;0.32682424783706665;1.0;0.7494867444038391;0.6084275245666504;NA;NA;NA;NA;NA;NA;NA;NA;NA
7;0.34121274948120117;1.0;0.7369133830070496;0.6123672127723694;3.2021498680114746;0.3535457253456116;1.0;0.7526529431343079;0.6228160262107849;NA;NA;NA;NA;NA;NA;NA;NA;NA
8;0.3699897229671478;1.0;0.7229642868041992;0.6361767649650574;3.1881370544433594;0.35457348823547363;1.0;0.7409194111824036;0.6300103068351746;NA;NA;NA;NA;NA;NA;NA;NA;NA
9;0.35457348823547363;1.0;0.7252686023712158;0.6279547810554504;3.2261710166931152;0.35149022936820984;1.0;0.7476257085800171;0.6269270181655884;NA;NA;NA;NA;NA;NA;NA;NA;NA
10;0.3463515043258667;1.0;0.7263016104698181;0.6207605600357056;3.3295738697052;0.34737923741340637;1.0;0.7482835054397583;0.6231585741043091;NA;NA;NA;NA;NA;NA;NA;NA;NA
11;0.32374101877212524;1.0;0.7352008819580078;0.6065433025360107;3.4754199981689453;0.3278520107269287;1.0;0.7576167583465576;0.6096265316009521;NA;NA;NA;NA;NA;NA;NA;NA;NA
12;0.35662898421287537;1.0;0.7250396609306335;0.624871551990509;3.4988667964935303;0.3535457253456116;1.0;0.747779905796051;0.6255566477775574;NA;NA;NA;NA;NA;NA;NA;NA;NA
13;0.36896196007728577;1.0;0.7219176292419434;0.6325796246528625;3.670300006866455;0.35662898421287537;1.0;0.7497328519821167;0.627783477306366;NA;NA;NA;NA;NA;NA;NA;NA;NA
14;0.35765671730041504;1.0;0.7294802069664001;0.6258992552757263;3.9198622703552246;0.38437822461128235;1.0;0.7583965063095093;0.6406304240226746;NA;NA;NA;NA;NA;NA;NA;NA;NA
15;0.3648509681224823;1.0;0.7267056703567505;0.627783477306366;3.8807802200317383;0.35457348823547363;1.0;0.754553496837616;0.622473418712616;NA;NA;NA;NA;NA;NA;NA;NA;NA
16;0.36896196007728577;1.0;0.7256066203117371;0.6337786316871643;3.9844868183135986;0.37512847781181335;1.0;0.7579414248466492;0.6366906762123108;NA;NA;NA;NA;NA;NA;NA;NA;NA
17;0.38746145367622375;1.0;0.7078502178192139;0.6457690000534058;4.143332481384277;0.376156210899353;1.0;0.7475366592407227;0.6375470757484436;NA;NA;NA;NA;NA;NA;NA;NA;NA
18;0.3730729818344116;1.0;0.7173514366149902;0.6366906762123108;4.14991569519043;0.3741007149219513;1.0;0.7527526617050171;0.6336073875427246;NA;NA;NA;NA;NA;NA;NA;NA;NA
19;0.43268242478370667;1.0;0.6900771260261536;0.6752312183380127;4.232128143310547;0.4162384271621704;1.0;0.7382219433784485;0.6615278720855713;NA;NA;NA;NA;NA;NA;NA;NA;NA
20;0.4193216860294342;1.0;0.6996305584907532;0.6664953827857971;4.275393009185791;0.3926002085208893;1.0;0.7472509145736694;0.6534771919250488;NA;NA;NA;NA;NA;NA;NA;NA;NA
21;0.45118191838264465;1.0;0.6848286390304565;0.6841383576393127;4.295039653778076;0.41521069407463074;1.0;0.7330130338668823;0.6632407307624817;NA;NA;NA;NA;NA;NA;NA;NA;NA
22;0.4439876675605774;1.0;0.6859263777732849;0.6824254393577576;4.2996625900268555;0.4141829311847687;1.0;0.7411882281303406;0.6625556349754333;NA;NA;NA;NA;NA;NA;NA;NA;NA
23;0.49640288949012756;1.0;0.6656964421272278;0.7113736867904663;4.278031826019287;0.46659815311431885;1.0;0.7195237874984741;0.6983555555343628;NA;NA;NA;NA;NA;NA;NA;NA;NA
24;0.4594039022922516;1.0;0.6741474866867065;0.6932168006896973;4.2888994216918945;0.42446044087409973;1.0;0.7329315543174744;0.6750599145889282;NA;NA;NA;NA;NA;NA;NA;NA;NA
25;0.4984583854675293;1.0;0.6558558344841003;0.7177115082740784;4.341472625732422;0.4645426571369171;1.0;0.7181816101074219;0.6964713335037231;NA;NA;NA;NA;NA;NA;NA;NA;NA
26;0.5436793565750122;1.0;0.6365546584129333;0.7440903782844543;4.3273396492004395;0.5138745903968811;1.0;0.7093952298164368;0.7240493297576904;NA;NA;NA;NA;NA;NA;NA;NA;NA
27;0.5601233243942261;1.0;0.631650984287262;0.7536827921867371;4.319045066833496;0.5416238307952881;1.0;0.6982201933860779;0.7428913712501526;NA;NA;NA;NA;NA;NA;NA;NA;NA
28;0.6002055406570435;1.0;0.6089298725128174;0.779033899307251;4.302600860595703;0.5734840631484985;1.0;0.6907602548599243;0.7613908052444458;NA;NA;NA;NA;NA;NA;NA;NA;NA
29;0.6361767649650574;1.0;0.5988799929618835;0.798561155796051;4.294000625610352;0.5919835567474365;1.0;0.6803898215293884;0.7730386853218079;NA;NA;NA;NA;NA;NA;NA;NA;NA
30;0.6587872505187988;1.0;0.5852864384651184;0.8126069903373718;4.280120849609375;0.6372045278549194;1.0;0.6691399216651917;0.7973620295524597;NA;NA;NA;NA;NA;NA;NA;NA;NA
31;0.6855087280273438;1.0;0.5654702186584473;0.8311064839363098;4.263505458831787;0.6536484956741333;1.0;0.6549123525619507;0.8112366795539856;NA;NA;NA;NA;NA;NA;NA;NA;NA
32;0.7122302055358887;1.0;0.5526496171951294;0.843096911907196;4.25050687789917;0.6968140006065369;1.0;0.6420331597328186;0.8328194618225098;NA;NA;NA;NA;NA;NA;NA;NA;NA
33;0.7677286863327026;1.0;0.5206441879272461;0.8749571442604065;4.219778060913086;0.7389516830444336;1.0;0.620288610458374;0.8598835468292236;NA;NA;NA;NA;NA;NA;NA;NA;NA
34;0.7831448912620544;1.0;0.502592146396637;0.8848920464515686;4.201364994049072;0.7451182007789612;1.0;0.6079910397529602;0.8622816205024719;NA;NA;NA;NA;NA;NA;NA;NA;NA
35;0.7913669347763062;1.0;0.48878151178359985;0.8902021646499634;4.186072826385498;0.7636176943778992;1.0;0.6047479510307312;0.875128448009491;NA;NA;NA;NA;NA;NA;NA;NA;NA
36;0.8386433720588684;1.0;0.4585878551006317;0.9158958792686462;4.1540021896362305;0.8139773607254028;1.0;0.5815554261207581;0.9020211696624756;NA;NA;NA;NA;NA;NA;NA;NA;NA
37;0.8674203753471375;1.0;0.43492037057876587;0.9307981729507446;4.132709503173828;0.816032886505127;1.0;0.5723387598991394;0.9044193029403687;NA;NA;NA;NA;NA;NA;NA;NA;NA
38;0.8787255883216858;1.0;0.4144882261753082;0.9359369874000549;4.105225563049316;0.8643370866775513;1.0;0.5515730977058411;0.9270297884941101;NA;NA;NA;NA;NA;NA;NA;NA;NA
39;0.8684480786323547;1.0;0.39887046813964844;0.931654691696167;4.0885820388793945;0.8345323801040649;1.0;0.552954912185669;0.913155198097229;NA;NA;NA;NA;NA;NA;NA;NA;NA
40;0.9033915996551514;1.0;0.37981095910072327;0.9494689702987671;4.059382915496826;0.8787255883216858;1.0;0.5379416346549988;0.9362795352935791;NA;NA;NA;NA;NA;NA;NA;NA;NA
41;0.9085302948951721;1.0;0.35722774267196655;0.9522096514701843;4.026947975158691;0.8931140899658203;1.0;0.5242310166358948;0.9438163638114929;NA;NA;NA;NA;NA;NA;NA;NA;NA
42;0.9239465594291687;1.0;0.3408558964729309;0.9604316353797913;3.998462677001953;0.9095580577850342;1.0;0.5231218934059143;0.9534087181091309;NA;NA;NA;NA;NA;NA;NA;NA;NA
43;0.9188078045845032;1.0;0.3182918131351471;0.9585474133491516;3.9513020515441895;0.9167523384094238;1.0;0.5131998062133789;0.9575196504592896;NA;NA;NA;NA;NA;NA;NA;NA;NA
44;0.9362795352935791;1.0;0.30570995807647705;0.9674546122550964;3.903017044067383;0.9218910336494446;1.0;0.516352117061615;0.9597464799880981;NA;NA;NA;NA;NA;NA;NA;NA;NA
45;0.9527235627174377;1.0;0.295523464679718;0.9760192036628723;3.8279480934143066;0.9403905272483826;1.0;0.5298991203308105;0.9689962267875671;NA;NA;NA;NA;NA;NA;NA;NA;NA
46;0.9516957998275757;1.0;0.2802942395210266;0.9753340482711792;3.728463649749756;0.9403905272483826;1.0;0.5414517521858215;0.9689962863922119;NA;NA;NA;NA;NA;NA;NA;NA;NA
47;0.9568345546722412;1.0;0.26790308952331543;0.9780746698379517;3.612379789352417;0.9383350610733032;1.0;0.5726488828659058;0.9683110117912292;NA;NA;NA;NA;NA;NA;NA;NA;NA
48;0.9558067917823792;1.0;0.2642543315887451;0.9777320623397827;3.4867355823516846;0.9424460530281067;1.0;0.6184311509132385;0.9705379009246826;NA;NA;NA;NA;NA;NA;NA;NA;NA
49;0.971222996711731;1.0;0.25411471724510193;0.985440194606781;3.3481738567352295;0.9578622579574585;1.0;0.6652531027793884;0.9782459735870361;NA;NA;NA;NA;NA;NA;NA;NA;NA
50;0.9743062853813171;1.0;0.26366037130355835;0.9869818091392517;3.2167837619781494;0.9465570449829102;1.0;0.7388924956321716;0.9729359745979309;NA;NA;NA;NA;NA;NA;NA;NA;NA
51;0.981500506401062;1.0;0.26386865973472595;0.9905789494514465;3.0811214447021484;0.9588900208473206;1.0;0.8122648000717163;0.9794450402259827;NA;NA;NA;NA;NA;NA;NA;NA;NA
52;0.9784172773361206;1.0;0.2740941047668457;0.9890373945236206;2.9526352882385254;0.9465570449829102;1.0;0.8872610330581665;0.972250759601593;NA;NA;NA;NA;NA;NA;NA;NA;NA
53;0.9753340482711792;1.0;0.29308807849884033;0.9874957203865051;2.820666551589966;0.9455292820930481;1.0;0.9481973648071289;0.9710516929626465;NA;NA;NA;NA;NA;NA;NA;NA;NA
54;0.9784172773361206;1.0;0.3096980154514313;0.9890373349189758;2.665090799331665;0.9424460530281067;1.0;1.0318111181259155;0.9688249230384827;NA;NA;NA;NA;NA;NA;NA;NA;NA
55;0.9876670241355896;1.0;0.3190923035144806;0.9938334822654724;2.5230307579040527;0.9424460530281067;1.0;1.110350489616394;0.9703665375709534;NA;NA;NA;NA;NA;NA;NA;NA;NA
56;0.9753340482711792;1.0;0.36083146929740906;0.9874957203865051;2.390315055847168;0.9157245755195618;1.0;1.2264668941497803;0.955464243888855;NA;NA;NA;NA;NA;NA;NA;NA;NA
57;0.9825282692909241;1.0;0.3787367045879364;0.9909214973449707;2.270946979522705;0.9064748287200928;1.0;1.3216983079910278;0.9496402740478516;NA;NA;NA;NA;NA;NA;NA;NA;NA
58;0.9845837354660034;1.0;0.4071669280529022;0.9921205639839172;2.157257080078125;0.8848921060562134;1.0;1.4220221042633057;0.9397053718566895;NA;NA;NA;NA;NA;NA;NA;NA;NA
59;0.9784172773361206;1.0;0.4395546019077301;0.9886947870254517;2.0758056640625;0.8941418528556824;1.0;1.510411024093628;0.944501519203186;NA;NA;NA;NA;NA;NA;NA;NA;NA
60;0.961973249912262;1.0;0.4771605134010315;0.9808154106140137;2.017530679702759;0.8468653559684753;1.0;1.6180732250213623;0.9208633303642273;NA;NA;NA;NA;NA;NA;NA;NA;NA
61;0.971222996711731;1.0;0.49845144152641296;0.9849264025688171;1.9844324588775635;0.8581706285476685;1.0;1.711398959159851;0.9232613444328308;NA;NA;NA;NA;NA;NA;NA;NA;NA
62;0.9640287756919861;1.0;0.521771252155304;0.9818430542945862;1.9230399131774902;0.8663926124572754;1.0;1.7634880542755127;0.9301130771636963;NA;NA;NA;NA;NA;NA;NA;NA;NA
63;0.9578622579574585;1.0;0.5398907661437988;0.9779033660888672;1.8772447109222412;0.8602260947227478;1.0;1.8194565773010254;0.9260020852088928;NA;NA;NA;NA;NA;NA;NA;NA;NA
64;0.9455292820930481;1.0;0.5450536012649536;0.9717369079589844;1.8545001745224;0.8191161155700684;1.0;1.8803942203521729;0.9020211696624756;NA;NA;NA;NA;NA;NA;NA;NA;NA
65;0.9424460530281067;1.0;0.5516398549079895;0.9703665375709534;1.8399486541748047;0.7913669347763062;1.0;1.9255274534225464;0.8878040313720703;NA;NA;NA;NA;NA;NA;NA;NA;NA
66;0.9403905272483826;1.0;0.5454980731010437;0.9691675305366516;1.8119868040084839;0.8057553768157959;1.0;1.9545222520828247;0.8961972594261169;NA;NA;NA;NA;NA;NA;NA;NA;NA
67;0.9393628239631653;1.0;0.536338210105896;0.9688249826431274;1.7888225317001343;0.780061662197113;1.0;1.9706361293792725;0.8836930394172668;NA;NA;NA;NA;NA;NA;NA;NA;NA
68;0.9424460530281067;1.0;0.5155594348907471;0.9705379009246826;1.7691552639007568;0.7738951444625854;1.0;1.9750343561172485;0.8778691291809082;NA;NA;NA;NA;NA;NA;NA;NA;NA
69;0.9455292820930481;1.0;0.5132192969322205;0.972250759601593;1.758008599281311;0.7831448912620544;1.0;1.9725322723388672;0.8848921060562134;NA;NA;NA;NA;NA;NA;NA;NA;NA
70;0.9424460530281067;1.0;0.4915074110031128;0.9701952934265137;1.7391746044158936;0.7913669347763062;1.0;1.9695982933044434;0.8866049647331238;NA;NA;NA;NA;NA;NA;NA;NA;NA
71;0.9506680369377136;1.0;0.46166038513183594;0.9737923741340637;1.7327182292938232;0.7769784331321716;1.0;1.9450011253356934;0.8811236619949341;NA;NA;NA;NA;NA;NA;NA;NA;NA
72;0.9475848078727722;1.0;0.4459971785545349;0.972250759601593;1.7266387939453125;0.7862281799316406;1.0;1.9243055582046509;0.8847208619117737;NA;NA;NA;NA;NA;NA;NA;NA;NA
73;0.9527235627174377;1.0;0.4329761266708374;0.9760191440582275;1.7048075199127197;0.8036999106407166;1.0;1.8957347869873047;0.894655704498291;NA;NA;NA;NA;NA;NA;NA;NA;NA
74;0.9578622579574585;1.0;0.4029308557510376;0.9779033660888672;1.6953563690185547;0.78828364610672;1.0;1.8718186616897583;0.8871188163757324;NA;NA;NA;NA;NA;NA;NA;NA;NA
75;0.9599177837371826;1.0;0.39244720339775085;0.979102373123169;1.6905443668365479;0.8088386654853821;1.0;1.8452625274658203;0.8965398669242859;NA;NA;NA;NA;NA;NA;NA;NA;NA
76;0.9578622579574585;1.0;0.3690359592437744;0.9780747294425964;1.6731116771697998;0.7923946380615234;1.0;1.813087821006775;0.8864337205886841;NA;NA;NA;NA;NA;NA;NA;NA;NA
77;0.9691675305366516;1.0;0.3696712851524353;0.9835560321807861;1.6774547100067139;0.8098663687705994;1.0;1.8040080070495605;0.8972250819206238;NA;NA;NA;NA;NA;NA;NA;NA;NA
78;0.9578622579574585;1.0;0.3613983392715454;0.9784172773361206;1.659348964691162;0.7862281799316406;1.0;1.7767335176467896;0.885405957698822;NA;NA;NA;NA;NA;NA;NA;NA;NA
79;0.9609455466270447;1.0;0.35143545269966125;0.9792737364768982;1.6564102172851562;0.769784152507782;1.0;1.757950782775879;0.876156210899353;NA;NA;NA;NA;NA;NA;NA;NA;NA
80;0.9640287756919861;1.0;0.34499430656433105;0.9816718101501465;1.6460120677947998;0.806783139705658;1.0;1.7440600395202637;0.8953409194946289;NA;NA;NA;NA;NA;NA;NA;NA;NA
81;0.961973249912262;1.0;0.34591060876846313;0.9801301956176758;1.6417779922485352;0.8006166219711304;1.0;1.7335625886917114;0.8919150233268738;NA;NA;NA;NA;NA;NA;NA;NA;NA
82;0.9660843014717102;1.0;0.3440597653388977;0.9821856617927551;1.6429412364959717;0.7903391718864441;1.0;1.7462894916534424;0.8852346539497375;NA;NA;NA;NA;NA;NA;NA;NA;NA
83;0.9558067917823792;1.0;0.3512350916862488;0.9770469665527344;1.6334186792373657;0.798561155796051;1.0;1.7337671518325806;0.8905447125434875;NA;NA;NA;NA;NA;NA;NA;NA;NA
84;0.9691675305366516;1.0;0.3453003466129303;0.9842411279678345;1.62588369846344;0.7769784331321716;1.0;1.7411679029464722;0.8744433522224426;NA;NA;NA;NA;NA;NA;NA;NA;NA
85;0.963001012802124;1.0;0.3465029299259186;0.9804727435112;1.6187974214553833;0.78828364610672;1.0;1.7417612075805664;0.8855772018432617;NA;NA;NA;NA;NA;NA;NA;NA;NA
86;0.972250759601593;1.0;0.34207430481910706;0.9852688908576965;1.6167943477630615;0.8026721477508545;1.0;1.7587876319885254;0.8968825340270996;NA;NA;NA;NA;NA;NA;NA;NA;NA
87;0.9660843014717102;1.0;0.3505878448486328;0.9823570251464844;1.609454870223999;0.770811915397644;1.0;1.7575486898422241;0.8782117366790771;NA;NA;NA;NA;NA;NA;NA;NA;NA
88;0.9660843014717102;1.0;0.34615662693977356;0.9823569655418396;1.6069526672363281;0.7667009234428406;1.0;1.759750485420227;0.877526581287384;NA;NA;NA;NA;NA;NA;NA;NA;NA
89;0.9691675305366516;1.0;0.3421890437602997;0.9838986396789551;1.5980583429336548;0.8026721477508545;1.0;1.745797038078308;0.8941418528556824;NA;NA;NA;NA;NA;NA;NA;NA;NA
90;0.9640287756919861;1.0;0.3416689932346344;0.9813292622566223;1.604522466659546;0.8088386654853821;1.0;1.749716877937317;0.8968824744224548;NA;NA;NA;NA;NA;NA;NA;NA;NA
91;0.9732785224914551;1.0;0.33978086709976196;0.9859541654586792;1.5969841480255127;0.8293936252593994;1.0;1.7454569339752197;0.9097293615341187;NA;NA;NA;NA;NA;NA;NA;NA;NA
92;0.9681397676467896;1.0;0.3335310220718384;0.9835560321807861;1.5898029804229736;0.8057553768157959;1.0;1.729155421257019;0.8963686227798462;NA;NA;NA;NA;NA;NA;NA;NA;NA
93;0.9691675305366516;1.0;0.32436251640319824;0.9838986396789551;1.5830761194229126;0.7965056300163269;1.0;1.720096230506897;0.8891743421554565;NA;NA;NA;NA;NA;NA;NA;NA;NA
94;0.9660843014717102;1.0;0.3206964433193207;0.9825282692909241;1.5832469463348389;0.7913669347763062;1.0;1.7236229181289673;0.8876327872276306;NA;NA;NA;NA;NA;NA;NA;NA;NA
95;0.9681397676467896;1.0;0.31413576006889343;0.9830421209335327;1.5839265584945679;0.780061662197113;1.0;1.7254749536514282;0.8804384469985962;NA;NA;NA;NA;NA;NA;NA;NA;NA
96;0.972250759601593;1.0;0.30685797333717346;0.9852688908576965;1.5810071229934692;0.7862281799316406;1.0;1.7162349224090576;0.8823226094245911;NA;NA;NA;NA;NA;NA;NA;NA;NA
97;0.9650565385818481;1.0;0.3022616505622864;0.9820144176483154;1.5765278339385986;0.7934224009513855;1.0;1.708089828491211;0.8871188759803772;NA;NA;NA;NA;NA;NA;NA;NA;NA
98;0.9671120047569275;1.0;0.2987522780895233;0.9826995730400085;1.5776903629302979;0.779033899307251;1.0;1.698588252067566;0.8795821070671082;NA;NA;NA;NA;NA;NA;NA;NA;NA
99;0.9681397676467896;1.0;0.2934487760066986;0.9832134246826172;1.5620710849761963;0.8006166219711304;1.0;1.6837036609649658;0.894655704498291;NA;NA;NA;NA;NA;NA;NA;NA;NA
0;0.33299073576927185;1.0;0.7368334531784058;0.6154505014419556;4.415896415710449;0.3309352397918701;1.0;0.747603714466095;0.614594042301178;NA;NA;NA;NA;NA;NA;NA;NA;NA
1;0.3340184986591339;1.0;0.7391378879547119;0.6085987687110901;2.580564498901367;0.34224048256874084;1.0;0.7470844388008118;0.6197327971458435;NA;NA;NA;NA;NA;NA;NA;NA;NA
2;0.32374101877212524;1.0;0.7482407093048096;0.6041452288627625;2.416140079498291;0.32682424783706665;1.0;0.757411777973175;0.6091127395629883;NA;NA;NA;NA;NA;NA;NA;NA;NA
3;0.3227132558822632;1.0;0.7388626337051392;0.6082562804222107;2.4095282554626465;0.32374101877212524;1.0;0.7540203332901001;0.6094552874565125;NA;NA;NA;NA;NA;NA;NA;NA;NA
4;0.3617677390575409;1.0;0.7277241945266724;0.6262418031692505;2.295081853866577;0.3556012213230133;1.0;0.7449259757995605;0.6216170191764832;NA;NA;NA;NA;NA;NA;NA;NA;NA
5;0.32990750670433044;1.0;0.7382141351699829;0.6080849766731262;2.371922492980957;0.3309352397918701;1.0;0.7502110600471497;0.61031174659729;NA;NA;NA;NA;NA;NA;NA;NA;NA
6;0.33915725350379944;1.0;0.7391418814659119;0.6139088273048401;2.477993965148926;0.34224048256874084;1.0;0.7545719742774963;0.6173346638679504;NA;NA;NA;NA;NA;NA;NA;NA;NA
7;0.316546767950058;1.0;0.7416353225708008;0.6020898222923279;2.7244319915771484;0.3042137622833252;1.0;0.7611973881721497;0.5966084003448486;NA;NA;NA;NA;NA;NA;NA;NA;NA
8;0.3442959785461426;1.0;0.7319410443305969;0.6181911826133728;2.783757209777832;0.3494347333908081;1.0;0.7518811225891113;0.6204178929328918;NA;NA;NA;NA;NA;NA;NA;NA;NA
9;0.3288797438144684;1.0;0.7293280363082886;0.6111682057380676;3.0250930786132812;0.3371017575263977;1.0;0.7536802291870117;0.6140801906585693;NA;NA;NA;NA;NA;NA;NA;NA;NA
10;0.35662898421287537;1.0;0.7351112365722656;0.6250427961349487;3.166752815246582;0.34224048256874084;1.0;0.7557058930397034;0.6164782047271729;NA;NA;NA;NA;NA;NA;NA;NA;NA
11;0.36279547214508057;1.0;0.7261949181556702;0.6279547214508057;3.2978663444519043;0.36279547214508057;1.0;0.7517676949501038;0.631723165512085;NA;NA;NA;NA;NA;NA;NA;NA;NA
12;0.34532374143600464;1.0;0.7395760416984558;0.6135662794113159;3.378006935119629;0.3371017575263977;1.0;0.7617942690849304;0.6097978949546814;NA;NA;NA;NA;NA;NA;NA;NA;NA
13;0.35662898421287537;1.0;0.7250097990036011;0.6279547214508057;3.536611557006836;0.35662898421287537;1.0;0.7490476965904236;0.6269270181655884;NA;NA;NA;NA;NA;NA;NA;NA;NA
14;0.35971224308013916;1.0;0.7237502932548523;0.629153847694397;3.673902988433838;0.36279547214508057;1.0;0.749275267124176;0.6336073875427246;NA;NA;NA;NA;NA;NA;NA;NA;NA
15;0.36587873101234436;1.0;0.7135933637619019;0.6366906762123108;3.8388400077819824;0.36587873101234436;1.0;0.7455621957778931;0.6336073875427246;NA;NA;NA;NA;NA;NA;NA;NA;NA
16;0.3442959785461426;1.0;0.7314164638519287;0.6192188262939453;3.9251022338867188;0.33607399463653564;1.0;0.7637807726860046;0.6130523681640625;NA;NA;NA;NA;NA;NA;NA;NA;NA
17;0.3648509681224823;1.0;0.7101765871047974;0.6339499950408936;4.042405128479004;0.35149022936820984;1.0;0.7441720366477966;0.6247003078460693;NA;NA;NA;NA;NA;NA;NA;NA;NA
18;0.3771839737892151;1.0;0.7103713750839233;0.6418293118476868;4.112288951873779;0.3730729818344116;1.0;0.7479668259620667;0.6387460827827454;NA;NA;NA;NA;NA;NA;NA;NA;NA
19;0.39054471254348755;1.0;0.7069939970970154;0.6457690596580505;4.144686222076416;0.3833504617214203;1.0;0.7470684051513672;0.6401163935661316;NA;NA;NA;NA;NA;NA;NA;NA;NA
20;0.42446044087409973;1.0;0.692051112651825;0.6721479892730713;4.131916046142578;0.39979445934295654;1.0;0.7389141321182251;0.6553613543510437;NA;NA;NA;NA;NA;NA;NA;NA;NA
21;0.42137718200683594;1.0;0.6855995059013367;0.6718053817749023;4.124688148498535;0.41109970211982727;1.0;0.732162594795227;0.6656388640403748;NA;NA;NA;NA;NA;NA;NA;NA;NA
22;0.45426514744758606;1.0;0.6803716421127319;0.6891058683395386;4.15621280670166;0.4347379207611084;1.0;0.7335302233695984;0.6760877370834351;NA;NA;NA;NA;NA;NA;NA;NA;NA
23;0.4522096514701843;1.0;0.673331081867218;0.6921890377998352;4.2517619132995605;0.44295990467071533;1.0;0.7244212031364441;0.6860226392745972;NA;NA;NA;NA;NA;NA;NA;NA;NA
24;0.5005138516426086;1.0;0.655155599117279;0.7206234335899353;4.2370734214782715;0.49126413464546204;1.0;0.7137298583984375;0.7130866646766663;NA;NA;NA;NA;NA;NA;NA;NA;NA
25;0.5426515936851501;1.0;0.6479992866516113;0.743405282497406;4.303584575653076;0.5220966339111328;1.0;0.7165468335151672;0.729188084602356;NA;NA;NA;NA;NA;NA;NA;NA;NA
26;0.5847893357276917;1.0;0.6274679899215698;0.7685850262641907;4.282781600952148;0.5508735775947571;1.0;0.6920672059059143;0.7468310594558716;NA;NA;NA;NA;NA;NA;NA;NA;NA
27;0.5909557938575745;1.0;0.6258361339569092;0.773723840713501;4.316476821899414;0.5930113196372986;1.0;0.6943223476409912;0.7738950848579407;NA;NA;NA;NA;NA;NA;NA;NA;NA
28;0.6300103068351746;1.0;0.6012382507324219;0.7953065037727356;4.293874740600586;0.6228160262107849;1.0;0.6723514199256897;0.7925658822059631;NA;NA;NA;NA;NA;NA;NA;NA;NA
29;0.6402877569198608;1.0;0.586645245552063;0.8030146360397339;4.278359889984131;0.6443987488746643;1.0;0.6552108526229858;0.806783139705658;NA;NA;NA;NA;NA;NA;NA;NA;NA
30;0.6865364909172058;1.0;0.5754156708717346;0.8283658623695374;4.26715087890625;0.6978417038917542;1.0;0.6458503007888794;0.8367591500282288;NA;NA;NA;NA;NA;NA;NA;NA;NA
31;0.7112024426460266;1.0;0.5553387403488159;0.846008837223053;4.244319915771484;0.7327852249145508;1.0;0.6273278594017029;0.8593695759773254;NA;NA;NA;NA;NA;NA;NA;NA;NA
32;0.7564234137535095;1.0;0.5313741564750671;0.869818389415741;4.218753337860107;0.7656731605529785;1.0;0.6119080781936646;0.876498818397522;NA;NA;NA;NA;NA;NA;NA;NA;NA
33;0.7913669347763062;1.0;0.5086209177970886;0.8898595571517944;4.193379878997803;0.7852004170417786;1.0;0.601198673248291;0.8866049647331238;NA;NA;NA;NA;NA;NA;NA;NA;NA
34;0.825282633304596;1.0;0.47849783301353455;0.9080164432525635;4.161098480224609;0.8365878462791443;1.0;0.579716145992279;0.9143542647361755;NA;NA;NA;NA;NA;NA;NA;NA;NA
35;0.8437821269035339;1.0;0.46495428681373596;0.9176087379455566;4.143577575683594;0.8561151027679443;1.0;0.5719279050827026;0.9241178631782532;NA;NA;NA;NA;NA;NA;NA;NA;NA
36;0.8622816205024719;1.0;0.4430268406867981;0.9287427067756653;4.1184916496276855;0.8633093237876892;1.0;0.5604208111763;0.9295991659164429;NA;NA;NA;NA;NA;NA;NA;NA;NA
37;0.8705036044120789;1.0;0.4310743808746338;0.932682454586029;4.10175895690918;0.8715313673019409;1.0;0.5561580061912537;0.932682454586029;NA;NA;NA;NA;NA;NA;NA;NA;NA
38;0.8725590705871582;1.0;0.41423487663269043;0.9343953728675842;4.072803497314453;0.8951695561408997;1.0;0.5436462163925171;0.9467282891273499;NA;NA;NA;NA;NA;NA;NA;NA;NA
39;0.8900308609008789;1.0;0.38850316405296326;0.9439876675605774;4.039558410644531;0.9023638367652893;1.0;0.5318217873573303;0.9503254294395447;NA;NA;NA;NA;NA;NA;NA;NA;NA
40;0.9095580577850342;1.0;0.36983510851860046;0.9535799622535706;4.005420207977295;0.9136690497398376;1.0;0.5284062027931213;0.9558067917823792;NA;NA;NA;NA;NA;NA;NA;NA;NA
41;0.9146968126296997;1.0;0.3609018623828888;0.9561493992805481;3.9575676918029785;0.9249743223190308;1.0;0.5313429236412048;0.9614593982696533;NA;NA;NA;NA;NA;NA;NA;NA;NA
42;0.9249743223190308;1.0;0.3422483801841736;0.960774302482605;3.8841049671173096;0.9290853142738342;1.0;0.5372193455696106;0.963001012802124;NA;NA;NA;NA;NA;NA;NA;NA;NA
43;0.9239465594291687;1.0;0.3386797606945038;0.9612881541252136;3.77799654006958;0.9270297884941101;1.0;0.5631718635559082;0.9626584053039551;NA;NA;NA;NA;NA;NA;NA;NA;NA
44;0.9424460530281067;1.0;0.32844531536102295;0.9703665375709534;3.6386961936950684;0.935251772403717;1.0;0.5881961584091187;0.9671120047569275;NA;NA;NA;NA;NA;NA;NA;NA;NA
45;0.9527235627174377;1.0;0.31485679745674133;0.9756765961647034;3.4794199466705322;0.9383350610733032;1.0;0.6231226325035095;0.9684823155403137;NA;NA;NA;NA;NA;NA;NA;NA;NA
46;0.9486125111579895;1.0;0.3259563148021698;0.9736210703849792;3.3280458450317383;0.9301130771636963;1.0;0.6927652955055237;0.9653990864753723;NA;NA;NA;NA;NA;NA;NA;NA;NA
47;0.953751266002655;1.0;0.3308414816856384;0.976533055305481;3.171705722808838;0.9260020852088928;1.0;0.7621943354606628;0.9611167907714844;NA;NA;NA;NA;NA;NA;NA;NA;NA
48;0.9578622579574585;1.0;0.340938001871109;0.9782460331916809;3.0032153129577637;0.9321685433387756;1.0;0.825405478477478;0.9655703902244568;NA;NA;NA;NA;NA;NA;NA;NA;NA
49;0.9599177837371826;1.0;0.34945714473724365;0.9794450402259827;2.829720973968506;0.9146968126296997;1.0;0.9049602746963501;0.9575197100639343;NA;NA;NA;NA;NA;NA;NA;NA;NA
50;0.9681397676467896;1.0;0.37229087948799133;0.9837272763252258;2.6831328868865967;0.8951695561408997;1.0;1.007502794265747;0.944844126701355;NA;NA;NA;NA;NA;NA;NA;NA;NA
51;0.9671120047569275;1.0;0.40982967615127563;0.9833847880363464;2.554922580718994;0.9044193029403687;1.0;1.107965350151062;0.9492976665496826;NA;NA;NA;NA;NA;NA;NA;NA;NA
52;0.9773895144462585;1.0;0.426493763923645;0.9885234832763672;2.4460086822509766;0.8910585641860962;1.0;1.207387924194336;0.9433024525642395;NA;NA;NA;NA;NA;NA;NA;NA;NA
53;0.9681397676467896;1.0;0.4622610807418823;0.9840698838233948;2.3233981132507324;0.8776978254318237;1.0;1.3203309774398804;0.9371360540390015;NA;NA;NA;NA;NA;NA;NA;NA;NA
54;0.9691675305366516;1.0;0.5060772895812988;0.9842411279678345;2.219162940979004;0.8869475722312927;1.0;1.431719183921814;0.9388488531112671;NA;NA;NA;NA;NA;NA;NA;NA;NA
55;0.9609455466270447;1.0;0.5256637930870056;0.9803014993667603;2.1543798446655273;0.8797533512115479;1.0;1.555857539176941;0.9393628239631653;NA;NA;NA;NA;NA;NA;NA;NA;NA
56;0.9516957998275757;1.0;0.5658702850341797;0.9756765961647034;2.0893044471740723;0.8478931188583374;1.0;1.6722445487976074;0.9234327077865601;NA;NA;NA;NA;NA;NA;NA;NA;NA
57;0.944501519203186;1.0;0.5850082635879517;0.9717369079589844;2.034921169281006;0.8643370866775513;1.0;1.7594102621078491;0.9266872406005859;NA;NA;NA;NA;NA;NA;NA;NA;NA
58;0.9290853142738342;1.0;0.6122687458992004;0.9638574719429016;2.002894401550293;0.8108941316604614;1.0;1.8414266109466553;0.8989379405975342;NA;NA;NA;NA;NA;NA;NA;NA;NA
59;0.944501519203186;1.0;0.612929105758667;0.9715656042098999;1.9429771900177002;0.8304213881492615;1.0;1.855574131011963;0.9105858206748962;NA;NA;NA;NA;NA;NA;NA;NA;NA
60;0.9218910336494446;1.0;0.6134927272796631;0.9600890874862671;1.935084342956543;0.779033899307251;1.0;1.9281843900680542;0.8830078840255737;NA;NA;NA;NA;NA;NA;NA;NA;NA
61;0.9198355674743652;1.0;0.6075043082237244;0.9587187767028809;1.90813410282135;0.7841726541519165;1.0;1.942592978477478;0.8876327276229858;NA;NA;NA;NA;NA;NA;NA;NA;NA
62;0.9280575513839722;1.0;0.600471556186676;0.963001012802124;1.8898944854736328;0.798561155796051;1.0;1.9695322513580322;0.8937991857528687;NA;NA;NA;NA;NA;NA;NA;NA;NA
63;0.9270297884941101;1.0;0.5906924605369568;0.9626584649085999;1.847968339920044;0.7872558832168579;1.0;1.9510935544967651;0.8864337205886841;NA;NA;NA;NA;NA;NA;NA;NA;NA
64;0.935251772403717;1.0;0.568020224571228;0.966940701007843;1.823216199874878;0.7903391718864441;1.0;1.9641199111938477;0.892257571220398;NA;NA;NA;NA;NA;NA;NA;NA;NA
65;0.9342240691184998;1.0;0.5423778891563416;0.9664268493652344;1.8022899627685547;0.7769784331321716;1.0;1.9653892517089844;0.880095899105072;NA;NA;NA;NA;NA;NA;NA;NA;NA
66;0.9393628239631653;1.0;0.5206742882728577;0.9693387746810913;1.7733590602874756;0.7954779267311096;1.0;1.939732313156128;0.8895168900489807;NA;NA;NA;NA;NA;NA;NA;NA;NA
67;0.935251772403717;1.0;0.4966003894805908;0.9667694568634033;1.7458988428115845;0.7543679475784302;1.0;1.924156904220581;0.8717026710510254;NA;NA;NA;NA;NA;NA;NA;NA;NA
68;0.9465570449829102;1.0;0.4820839762687683;0.9727646708488464;1.7560503482818604;0.7862281799316406;1.0;1.9144566059112549;0.8859198093414307;NA;NA;NA;NA;NA;NA;NA;NA;NA
69;0.9496402740478516;1.0;0.4635123908519745;0.9744775891304016;1.765296220779419;0.779033899307251;1.0;1.9120662212371826;0.8807810544967651;NA;NA;NA;NA;NA;NA;NA;NA;NA
70;0.9496402740478516;1.0;0.4330500066280365;0.9743062853813171;1.7704696655273438;0.7687564492225647;1.0;1.8837310075759888;0.8759849071502686;NA;NA;NA;NA;NA;NA;NA;NA;NA
71;0.9588900208473206;1.0;0.4199241101741791;0.9787598252296448;1.757096290588379;0.7965056300163269;1.0;1.8690544366836548;0.8891743421554565;NA;NA;NA;NA;NA;NA;NA;NA;NA
72;0.9558067917823792;1.0;0.40061095356941223;0.9770469069480896;1.760299801826477;0.7821171879768372;1.0;1.865354299545288;0.88437819480896;NA;NA;NA;NA;NA;NA;NA;NA;NA
73;0.9660843014717102;1.0;0.3778534531593323;0.9826995134353638;1.7449073791503906;0.8016443848609924;1.0;1.848748803138733;0.8943131566047668;NA;NA;NA;NA;NA;NA;NA;NA;NA
74;0.961973249912262;1.0;0.37564995884895325;0.9809866547584534;1.7347520589828491;0.7810894250869751;1.0;1.8582139015197754;0.8831791281700134;NA;NA;NA;NA;NA;NA;NA;NA;NA
75;0.9701952934265137;1.0;0.36035028100013733;0.9842411875724792;1.709222435951233;0.8006166219711304;1.0;1.8570632934570312;0.8910585641860962;NA;NA;NA;NA;NA;NA;NA;NA;NA
76;0.9691675305366516;1.0;0.355869323015213;0.9844124913215637;1.692276954650879;0.789311408996582;1.0;1.847265601158142;0.8871188759803772;NA;NA;NA;NA;NA;NA;NA;NA;NA
77;0.9650565385818481;1.0;0.35017725825309753;0.9820144176483154;1.6836029291152954;0.797533392906189;1.0;1.8423877954483032;0.8891743421554565;NA;NA;NA;NA;NA;NA;NA;NA;NA
78;0.9691675305366516;1.0;0.3470793664455414;0.984412431716919;1.6666990518569946;0.7913669347763062;1.0;1.855236530303955;0.886776328086853;NA;NA;NA;NA;NA;NA;NA;NA;NA
79;0.9640287756919861;1.0;0.3473849892616272;0.9816717505455017;1.658104419708252;0.7810894250869751;1.0;1.8602197170257568;0.8792393803596497;NA;NA;NA;NA;NA;NA;NA;NA;NA
80;0.9650565385818481;1.0;0.34934255480766296;0.981500506401062;1.655411958694458;0.7749229073524475;1.0;1.8613996505737305;0.8780404329299927;NA;NA;NA;NA;NA;NA;NA;NA;NA
81;0.9753340482711792;1.0;0.3427143394947052;0.9876670241355896;1.6549322605133057;0.78828364610672;1.0;1.8665506839752197;0.8860911130905151;NA;NA;NA;NA;NA;NA;NA;NA;NA
82;0.9732785224914551;1.0;0.34657174348831177;0.9861254096031189;1.6529134511947632;0.7718396782875061;1.0;1.8673810958862305;0.8778690695762634;NA;NA;NA;NA;NA;NA;NA;NA;NA
83;0.9753340482711792;1.0;0.34870389103889465;0.9871531128883362;1.6438827514648438;0.7954779267311096;1.0;1.872219204902649;0.8878040313720703;NA;NA;NA;NA;NA;NA;NA;NA;NA
84;0.9743062853813171;1.0;0.3464706540107727;0.9862967133522034;1.6367062330245972;0.7903391718864441;1.0;1.8659459352493286;0.8859198093414307;NA;NA;NA;NA;NA;NA;NA;NA;NA
85;0.9753340482711792;1.0;0.3489140272140503;0.9873244762420654;1.631751537322998;0.798561155796051;1.0;1.8640190362930298;0.8902021050453186;NA;NA;NA;NA;NA;NA;NA;NA;NA
86;0.971222996711731;1.0;0.34839072823524475;0.9847550392150879;1.6490507125854492;0.7677286863327026;1.0;1.8689872026443481;0.8754710555076599;NA;NA;NA;NA;NA;NA;NA;NA;NA
87;0.9732785224914551;1.0;0.3515591621398926;0.9857827425003052;1.6597654819488525;0.769784152507782;1.0;1.879473328590393;0.8746145367622375;NA;NA;NA;NA;NA;NA;NA;NA;NA
88;0.9784172773361206;1.0;0.3461019992828369;0.9886947870254517;1.646950125694275;0.789311408996582;1.0;1.866945743560791;0.8866049647331238;NA;NA;NA;NA;NA;NA;NA;NA;NA
89;0.9732785224914551;1.0;0.33452579379081726;0.9859541654586792;1.6207318305969238;0.779033899307251;1.0;1.8465408086776733;0.880095899105072;NA;NA;NA;NA;NA;NA;NA;NA;NA
90;0.9773895144462585;1.0;0.33035051822662354;0.9881808757781982;1.6271979808807373;0.779033899307251;1.0;1.8472788333892822;0.8812949657440186;NA;NA;NA;NA;NA;NA;NA;NA;NA
91;0.9784172773361206;1.0;0.3201692998409271;0.9883521795272827;1.6172678470611572;0.7595067024230957;1.0;1.8393337726593018;0.8693045377731323;NA;NA;NA;NA;NA;NA;NA;NA;NA
92;0.9794450402259827;1.0;0.31612205505371094;0.9890373349189758;1.617645502090454;0.80781090259552;1.0;1.833304762840271;0.8967111110687256;NA;NA;NA;NA;NA;NA;NA;NA;NA
93;0.9825282692909241;1.0;0.30803990364074707;0.9909215569496155;1.609192967414856;0.7862281799316406;1.0;1.823038935661316;0.8835217356681824;NA;NA;NA;NA;NA;NA;NA;NA;NA
94;0.9753340482711792;1.0;0.297903448343277;0.9874957799911499;1.6073311567306519;0.7728674411773682;1.0;1.8188514709472656;0.8780404925346375;NA;NA;NA;NA;NA;NA;NA;NA;NA
95;0.9732785224914551;1.0;0.3014162480831146;0.9862967133522034;1.6074638366699219;0.7934224009513855;1.0;1.812650203704834;0.8896881937980652;NA;NA;NA;NA;NA;NA;NA;NA;NA
96;0.9784172773361206;1.0;0.3067297637462616;0.9890373349189758;1.6122119426727295;0.8047276735305786;1.0;1.8104339838027954;0.8956834077835083;NA;NA;NA;NA;NA;NA;NA;NA;NA
97;0.9773895144462585;1.0;0.28982529044151306;0.9883521795272827;1.6084802150726318;0.7923946380615234;1.0;1.8161871433258057;0.8860911130905151;NA;NA;NA;NA;NA;NA;NA;NA;NA
98;0.9856114983558655;1.0;0.2869645655155182;0.992120623588562;1.5996071100234985;0.8129496574401855;1.0;1.8052330017089844;0.896026074886322;NA;NA;NA;NA;NA;NA;NA;NA;NA
99;0.9845837354660034;1.0;0.28980451822280884;0.9917780160903931;1.5951099395751953;0.78828364610672;1.0;1.8040401935577393;0.8847208619117737;NA;NA;NA;NA;NA;NA;NA;NA;NA

kge:complex,kge_atom_embedding_size:100,reasoning_depth:1,epochs:100,seed:[0, 1, 2, 3, 4],learning_rate:0.01,runs:5,dataset_name:pharmkg_supersmall_reason_2np,facts_file:facts.txt,train_file:train.txt,valid_file:valid.txt,test_file:test.txt,domain_file:domain2constants.txt,rules_file:rules_amie.txt,rule_miner:amie,modified_dataset:True,test_negatives:None,adaptation_layer:identity,output_layer:dense,ragged:True,num_rules:1,relation_entity_grounder_max_elements:20,debug:False,stop_gradient_on_kge_embeddings:False,loss:binary_crossentropy,hard_rules:False,rule_weight:number,semiring:product,dropout_rate_embedder:0.0,format:functional,grounder:backward_2,num_negatives:1,signed:True,temperature:3.0,use_gumbel:True,aggregation_type:max,filter_num_heads:1,filter_activity_regularization:0.0,weight_loss:0.5,model_name:dcr,batch_size:-1,eval_batch_size:-1,test_batch_size:-1,valid_size:None,valid_negatives:10,valid_frequency:1000,engine_num_negatives:0,engine_num_adaptive_constants:0,constant_embedding_size:200,kge_regularization:0.0,resnet:True,reasoner_depth:1,enabled_reasoner_depth:1,reasoner_regularization_factor:0.0,reasoner_formula_hidden_embedding_size:100,reasoner_dropout_rate:0.0,reasoner_atom_embedding_size:100,create_flat_rule_list:True,run_signature:pharmkg_supersmall_reason_2np_backward_2_complex_dcr_amie_True_100_1_[0, 1, 2, 3, 4]_1_0.5_0.0,valid_acc:[0. 0. 0. 0. 0. 0. 0. 0. 0.],best_val:0.0,test_acc:[1.24989367 0.34338746 0.98354048 0.71196291 0.5967742  0.7733871
 0.69084737 0.58467742 0.74112903],log_filename:results/logpharmkg_supersmall_reason_2np_backward_2_complex_dcr_amie_True_100_1_[0, 1, 2, 3, 4]_1_0.5_0.0_2024-02-13-08-45-37.csv